4.435051600564384	8.093223352902829	8.33702125769154	3.859579885230948	-7.636515415727181	
-0.9083483803312902	7.489460183805214	8.779299076389936	-3.1422386357190435	-4.215369781915523	
-9.530992364318525	-8.437352166792518	8.484670073228859	9.981892572621089	-9.611502624673765	
3.115228211461794	-1.047496523099678	-9.441322683582602	-9.167508086310592	5.836719302436412	
6.9600233473044	-0.29288461041972624	-5.44953816151549	9.691037706916312	3.9204067725667198	
-4.008548326881895	4.3750950937069355	8.253243904801415	-2.2776106634698294	6.553906425378081	
-9.407576269954685	8.847582943823706	9.351005347983907	-9.86561649972047	-2.7868902463704304	
-5.730064679929459	1.9754653307481203	5.0086395618001625	-4.058118428709401	0.09187893247306178	
-4.978135786008798	1.5159317303364954	-8.885218292445012	1.1724570177722082	-3.216409780064236	
-2.4614215168596054	-8.528469751520177	-6.242344390719756	-1.717567490076707	7.112256671640182	
-4.647026956252427	-4.573493714847436	8.378569229759176	-2.712716433664742	4.761230626193136	
4.146627302433766	-4.462248212824278	6.427519409070101	-9.307161911368933	-0.16907303595075085	
-4.800829363273884	8.324953211093352	-2.74720433012887	-2.95889676991216	3.3476415784856712	
-9.175580963111523	-4.719867107182227	5.862468559023846	6.678906285888999	-4.905683007034465	
-2.4367719840728252	9.478553750465565	-2.3430103896616554	-7.7543981666639805	7.195784572129686	
1.6028225666229297	8.797735822736286	-2.3072828297067227	8.222029399176193	4.678771893668582	
-5.327232168072717	0.4665649380680108	3.442344228863801	-9.361440202413899	-7.586693984812816	
-5.369010777541741	-1.901795790031093	-9.985756148525196	1.9034065354621141	3.020678360128496	
0.12795172340799255	2.3245922403018824	5.387360755991484	-0.2902189203854064	-2.2174106373072515	
-9.085643220950306	-7.12385807020079	6.936950410758943	3.6134340843087287	-1.1982145274959137	
-5.477063153260282	4.6539239565009005	0.1911284266916784	-1.4059270669512802	4.047971081316463	
6.431164412052603	7.388163293699606	9.159346212590801	8.327979514657734	4.14548744696787	
-6.345279735884808	-5.502312377811229	-2.57416579663235	5.691006858367803	-5.559699548401609	
6.132610868546966	-3.3789993389937028	4.896140583503632	-0.23873734105383804	-0.6516968759899662	
-2.5883514775172056	-9.104182287267946	9.88704713859839	5.726860122887587	7.994396059878014	
5.399444216823589	-6.784479265317072	-0.30635993278037077	-4.612175419502311	-9.388418623977623	
-6.369465294247918	-4.842219803803937	-8.848937761406017	-1.996299556879471	5.982439899867256	
9.838808449560506	0.5588818992099966	8.701789458188646	7.804969181929	-0.5007944865705056	
-8.870077447030052	9.945982794913984	2.97953416201484	-7.943327841439311	0.5647959098263797	
-1.1052014913346841	-1.2193331512174126	2.4287567100429257	-3.5640023247752772	4.987975456292018	
1.5839676119890207	2.966420969467709	0.3816979911812375	-4.851697936679051	-1.5094070417984629	
1.462005870883715	-1.9093579222587955	-7.705759698898749	-7.780036057312079	-1.029014771172168	
-6.974447676647097	-3.048447168922028	-5.154959718491911	3.065792028616361	6.617569362488965	
-5.806454471692093	2.2921556946095674	-1.3560923549502384	0.5744392982732709	-6.294049943784728	
6.000064882662002	8.041313599222512	-2.019702890972903	9.463869179656069	-9.269485500335456	
4.956310523656249	9.025064574596726	-2.675379124059627	-1.7546932849756374	2.5676176520926752	
4.486627683396943	-6.218282874701197	5.4124699924871855	-4.765432942889571	5.499121581273453	
-2.8083736445369993	-7.723177880305354	-4.703882092339207	-8.324198805746974	3.9763674614238127	
0.7278579155568146	-8.2606806717429	-8.684862565059417	-3.3785985003643653	7.620548821429523	
5.886762105156173	7.203933909298026	-2.2703281841590233	-2.44768969721354	-9.243547319652981	
9.441413535287392	-5.0409241323646725	-0.027969946878025453	-4.623526966168187	-7.256623022734463	
5.36203995967975	-7.105276947515886	-6.909339380977491	9.845704661587906	4.462279172369195	
-8.78197280346579	-6.2295064440016485	-5.08838750619323	-4.654767590289048	-8.515585480597945	
3.852223161266009	1.2572432151971533	-3.8949288104910984	-3.0943612214219858	5.247252613653721	
-3.7546807766724317	0.18257922380226788	-3.436387030023309	-5.57237927325078	2.8567475138212046	
-6.55538608210684	0.9245538697313798	-3.6326125355791046	-7.764775133879764	-5.702737659991016	
2.1508860834395787	4.5246140861766975	-5.589968935841505	-1.308786455713694	-7.8319311002440095	
-2.322467268915503	5.437381206150105	0.5692738503563977	-5.958854574481065	7.182409630840951	
8.360839946805225	0.12235596568480034	2.938486251549662	-5.9004808899690815	-7.323528868774103	
7.1616844305716185	-8.192152130902636	4.637538242808677	-7.601454776199694	-5.018638514991284	
-6.137477692806266	4.495591577824591	6.3567896723666735	1.276842214436618	9.073017798836783	
7.936072841408091	-3.98368562654118	7.00128407249791	-4.917647305238857	-4.199719744529665	
-4.103487326545618	-8.516873053711333	-5.689280624294688	-1.817191733922991	-0.42461685056018794	
2.6946803616149833	-1.512085189647081	2.1095446474420676	0.3008807838584673	-4.7471103158819545	
-0.5504013248965194	-7.681972173816478	9.391059468289605	-4.450129655492305	0.7560973010797856	
4.117821881830386	7.889925647155017	-6.6478065009424	8.540122739350458	1.3124853932854368	
7.356078189209029	-7.725679550737374	1.9624370304914756	9.293596241422275	4.196362849382982	
-2.2770084468098606	3.752143851889473	-6.328776656873254	8.616936453134795	0.2257690268517205	
9.530952765135588	-1.8158780468300648	-5.950726119399901	4.498358448503046	-9.031592419688767	
2.136853583709538	5.8188306800576335	0.17172001262036396	2.287737444853077	7.23992025115227	
8.859205398471275	8.791402735254238	-7.760363677178351	-3.5170725098306903	3.4348238485861096	
-6.4820679082124055	-5.616063065612238	3.549677167056384	-4.87969061124347	2.898488840542674	
-2.6331932437589973	-9.711982338544667	-9.305134800240014	-1.853471909274182	3.8537348837426872	
-8.123834105496705	5.145149978233965	4.557388109708816	-8.123746930827494	-5.418861935397919	
6.630287561855031	-7.995653887962253	-4.42702378577925	-0.6161793717199782	-3.9522011442029514	
6.900987966416331	3.653213931392557	-3.7508731773021387	-4.250588856294344	8.582160562465049	
-6.615950695382741	8.448585575790624	7.990849378598423	6.747182311307579	-4.500544767887784	
4.096618361348325	-2.1401277122352553	-6.574601385040085	1.1526511988631238	-7.059335597339356	
-2.288028532008825	-7.134432156252684	-4.119413312826142	-9.550775449619024	0.5533094576941053	
-4.183025557498854	-2.477935298728471	-1.6292069352505205	8.345629772547557	0.8615728538143088	
5.128703900797706	1.1905588571573578	7.868023312577222	-5.227132787979136	-5.869431150533888	
-8.709333794111698	1.5555965906376468	6.318643020043673	-0.6340252729998213	-7.876279981004799	
3.6452444836522275	3.4910700934066003	-7.942388815891355	8.338139030516771	2.9938783045576045	
-7.160893263233943	-0.5851989307359968	-5.4521365603856875	-6.9053721571923	1.3945322486313358	
-3.735639227693084	0.3178233566420712	-2.898317204623444	-3.375648787930901	-3.0398254834528338	
-2.05951170899737	-8.915400124806519	7.90871852277888	-7.205724082749622	-8.292280721185348	
-7.731944617823176	-5.765074547272104	-4.770143194800971	2.6360594359079137	-9.326813859172221	
-2.8855827043209796	-1.5006964261966935	0.9824878845107392	2.361802857241086	5.1712015261415445	
6.458006038068088	0.3915940895024086	-9.60506007587692	-2.5835875757653	-1.942661706872988	
-7.85599518551172	-4.3476657960574645	5.915220199400547	-6.602123180850925	5.729835166646604	
3.8196033775488694	5.368653757469238	8.046567997862006	-7.150188713622709	7.135043976390843	
-2.9256600224417433	7.149215980111979	5.950639296148472	-0.10188295705264849	7.796543793503545	
-7.157672890627316	-0.4699064196138725	-4.723139479909255	-9.73268182557139	-1.4340180919510033	
2.70120070338624	7.611611291894242	-8.643030552938306	2.1020880538757876	-5.116190456464347	
9.197583969584791	6.3934500415291176	5.510008107700779	2.995738197633017	3.439001678096954	
3.6767040963070343	4.60420794366483	8.144593260314398	-2.6973570921404644	1.9253881809919715	
3.216245713020493	2.5752728729506593	5.158809673281734	-4.790197827915348	-1.7939374966669313	
-6.492942212728783	-6.617109995873214	4.866269609166782	-9.964805296510637	9.498114073236408	
0.5008401672935374	-4.045386902499882	0.6871904447065447	7.104125460310794	1.1970644716779422	
7.011774335865567	5.818163159402248	0.8516879358122011	4.16333556473252	6.171040566200617	
-8.756928431295387	7.926006119243311	3.5525450896900352	4.157739100683159	5.210974295314854	
-9.523674978941038	1.7112350276302948	5.238669645951626	-2.60483537093984	-6.928545602518543	
6.900019991553819	0.8939547507036245	-6.878259808719647	-9.408362680827818	3.8711591435246735	
7.796387844886876	7.082828683151742	2.721922398122434	-2.542302887385855	1.624769559921397	
-5.371662094690556	-4.783890066773743	-0.2612477062736769	1.3041275444079794	-9.297241415760169	
-4.770756774355023	9.880680158788419	-5.542876750602607	-3.4087923682602987	-1.7294725521773628	
2.41400046793866	4.167349826635318	2.8615498466974785	-2.2925399446686745	-5.508864371918865	
-0.40336018006834706	3.237094432845142	4.255865497915668	5.580153372757373	8.564899037537536	
-1.39297452432141	2.5194339744698837	-5.9151229124351845	-1.1076012591335918	-7.0206338276179565	
-5.603731707850718	-5.458125310313071	-2.879149055138095	3.903950572638557	5.048849896808594	
6.3299900026711065	8.171016034068149	8.740525453111676	-3.8622584377829217	0.2382488831656442	
7.560980106702591	5.119751363907934	3.148250655070834	-7.226880701951124	-0.9993435641696529	
-0.9574519620156146	8.893181841590604	9.746260516621259	4.4944721410496555	7.285871169256456	
3.653717827945833	0.46905561282011377	1.5255987880138822	-7.86933667814854	3.9243675218148333	
-8.209616731266324	2.4615033829120403	-4.099610654620342	6.356831343516362	7.249227975364043	
5.011988507153745	-9.603789027483003	1.2515401893078586	0.7738941608919703	9.387315854531558	
2.037519478979684	0.8245268625705204	6.64474496993639	-2.2546083167430258	-2.635806072643849	
-8.51880173640325	7.847540204244353	4.583413462548144	-4.470378939988839	-3.5425183573440755	
-6.52040087620003	-7.0792154919912615	-5.488847821442803	-4.5572737754798425	-7.468811972499028	
-9.5635041262607	-4.0126547688994645	-8.822354646874375	-3.8503381649760504	-7.834402796528557	
-9.821014271147519	-0.47551005700853466	-6.595927183959431	1.9257704373203826	-3.5764602459986206	
9.135554439649539	6.603093851429154	3.3364406375642233	7.850349511667922	9.600018869655717	
1.3792760803996078	3.1092498137435243	-0.7534621875924064	2.8280386108253364	4.037800856010996	
-5.769861477302061	6.0512431441264845	-8.565101407511662	4.0780612506818965	4.719675528970219	
9.388459815300546	0.016956704257962585	-6.6684517085303145	8.849692936818197	7.146427098520466	
-9.534994604483453	-5.180319031251925	2.0106800315385858	-5.6658535873472555	0.8395855549146098	
4.220374068887633	-2.1341958739194	-2.706716458672032	8.836701114305058	4.742294462454492	
-3.006177445982874	5.816352930745383	-4.498723079605844	2.240912548125678	-0.08542573443832957	
4.819747911958778	2.599616791143129	1.570608724789329	-5.7928831304043555	2.942828654328766	
-2.05897677774683	7.452260835385793	-4.627983117712282	9.29194245431529	6.942647746911302	
3.5458760707225405	4.155676261627137	1.5209053514300859	-4.139458653425283	1.9530128554525135	
-0.7540018102819737	-1.4628731044940047	2.363789317622924	2.0338679040935794	-6.4348920470255555	
-0.6547787007418133	2.507512431701432	-7.790918335763751	4.826233677092343	-4.112399385958955	
-0.3355675546482324	-8.673544669797423	6.5882717331510605	-7.785795836071481	0.6035932938183457	
-2.7920593254628123	-5.267032456116388	4.911174025044778	6.658750010668523	9.152413615208232	
6.106033987028564	0.44093914146950297	-6.192168989192326	-1.5450985705676956	1.0049602599167855	
3.8938380113851387	4.4887938413555695	-3.58691514671158	9.26264333699423	-9.3759532440852	
6.10609944430491	-7.1729367844358745	0.867405135872211	7.340257919939901	6.435929261209278	
9.658515395631984	-3.623653861679001	2.44419538083822	-5.482810034563556	-5.69944978641713	
-0.17959798404495508	-3.242288733855072	-2.8807629025227737	4.819700167043459	-2.634124658797619	
-4.748126076782961	5.506176505272586	-4.433336717618104	-1.3113852110980169	7.9890993913346335	
-5.028504443386749	-4.287447340596595	4.83343051217966	-5.787951307100867	-9.504321894232103	
5.552577422574146	6.272731441375289	7.360658027472727	5.883383360791806	-4.170770997524171	
7.94477880312359	0.7713309396410484	0.8656505661168161	3.862200541955392	4.243361545554038	
-6.09001475813386	0.9065158098065282	-3.067567499102468	6.247098683811565	-2.7867222601121107	
7.832326635006151	-1.847174388516768	-4.082015906480329	9.960023786400694	-4.094055717053222	
2.9683194382487006	7.56519399108824	0.06745256625046281	-2.403067083574575	-4.536800863913328	
-4.438418088649703	7.304609320345687	-3.947255594466239	2.8136347722137085	-0.8832991442913993	
2.137874331326774	-2.8451957193789053	3.5086295351733128	-0.14842011314236458	1.2712181039988995	
-6.952681820696444	-9.627300733210449	5.986915506886385	7.916470360975538	-8.84447262487731	
2.9587614863928575	8.14771564428873	9.926538894252637	7.96403187405161	5.539878920725025	
-3.8961352294112768	-7.852830907765411	-4.795267611700753	-3.2863567452089626	3.207467499518593	
0.6904893773188547	-2.392182785099786	-5.4568448910957486	-4.145753781481392	-3.6937510059268197	
-4.0018408530556515	7.193705461320437	8.987663411672756	-8.375694405015741	7.273361685916967	
-6.8155789195487815	5.480861720977108	2.764576078903927	-6.321371825757705	-2.340711405356439	
7.172896807787076	-0.3416697869368832	-2.2024879428212323	1.4921397705578698	8.402172105604894	
-8.602653645968214	6.806530421649978	-1.4246731576530447	-0.9286283446606873	-6.974879213150345	
-0.2044879613739088	3.3019705394073853	-6.4054058580023865	8.406966922070346	5.334473304592661	
5.036831953001013	4.518810854898545	-9.83649419061128	-7.028291252373473	9.281005308624792	
-4.821834084932983	2.1246955067699176	1.9766989906824577	-3.7292133576647446	-5.568961742213759	
-7.640784193157293	-6.604659004023046	6.911233480543931	-1.653789997219059	5.556665407765074	
-2.636095625280925	-6.76991664265171	-1.3541284897610026	2.3877063889257357	-3.3679548736554406	
5.947856888224949	5.779611729468982	-9.56008210413959	-0.6259152013423339	-4.704874488785582	
-4.305053093185549	6.4248093103681825	9.621697215328965	-7.1319155566874155	3.686343251431495	
2.5740724796292156	2.0300310998149875	2.098722085422928	-3.853900701572859	1.490826216208374	
9.193216495298017	-7.17396556480807	-8.393141654369076	-6.8057454782536215	-5.645901381768383	
-8.510101476535098	-3.843074758698311	-4.306302896438958	-9.89304150206576	2.6293579062662715	
5.125976886285791	6.150909890772212	-5.429120912434033	9.652246318841662	2.880148706939721	
-6.463133929725249	-9.484677675390316	3.253221934661344	5.63189535404042	5.662127169889777	
-9.951602830318318	-5.607558774744472	-1.6385733709037549	3.5574678894660323	7.732190860771432	
5.407267888308301	-3.7370670252007754	-5.595904232792092	8.368456447828038	-2.3854497434172757	
-6.429799058125106	-9.439537102274356	2.2018410054424624	6.6711752860711435	8.182654750281813	
-3.294676421623663	9.916762748051067	-2.004244830685007	9.204239898367387	-0.285655518957288	
-7.442065462618528	3.7144521413237452	6.3239852987244305	6.610239416881289	-2.6165535255088557	
-0.12087950731477903	4.908484413654932	4.774042324905473	9.663228328134135	8.116081082537661	
8.742939717611296	5.577805203872444	2.564609891053829	-0.6009791648467058	3.5488215089828827	
-2.3033508601085924	2.5206161626471015	-0.7003583207488777	-1.2773980728498113	-0.4192364200755012	
-4.144474047507131	3.854865814268784	2.181421909586895	1.9155962643796904	-6.053859569357629	
-6.90046247707774	-6.232027912984126	-9.628856304590002	8.826112382217975	-4.651264002517824	
6.358252995134183	-3.4611041280792616	8.894584608318848	9.473953110396948	0.6323059454835835	
0.6776527790376701	5.269305662715368	-5.297435822392305	9.409400727991066	3.737087552859551	
3.3282837504974374	7.880160287809254	-9.484426177047816	-1.8994212255696947	1.1129602750213774	
6.6704779037068285	3.342824126244196	-3.413497025565846	6.519771810391912	3.8278083923531288	
-6.424333589684044	7.469824342727449	-1.414101103781606	-7.5380616638463005	-6.997834375114548	
9.633478193307145	-5.321112043050913	5.125813826429901	-3.107034303546861	6.43170422660949	
5.028738742381872	0.5912908996165456	-9.876758064830858	-0.5548617974006973	-1.2050215606776113	
-8.661519927633739	-4.9710871753498935	4.030124932623876	-8.259884853412292	-7.930641816643531	
8.929843364911502	7.412381052209149	-5.415196497564681	4.966469991683454	7.319194917519599	
7.047776492035872	-6.751066033092052	0.9526999503092526	9.90946337852045	2.0706806110577105	
7.436786648256955	7.868257989845283	1.042173580523599	3.872954810049789	-7.5967259369841855	
-3.7338371932639642	3.4095856144675913	3.2043402274256305	-9.757773077383092	1.4376852315701178	
4.603187107437217	0.6576495790294867	1.6665620485964876	-3.6856527748707997	9.695152076141387	
-5.00018558112915	-2.9959047200838773	-5.946755853469954	-0.12465879975120586	9.532511646204085	
-3.98834856396779	-8.602386868945203	-2.892160733241451	0.5137330830682334	0.11404896759448135	
4.314712877324904	7.837423356076428	-6.35566533752386	-2.196576238801762	-4.051744826115065	
4.96776285502885	-5.278757172138013	4.188279767305138	-6.417227086899839	6.649559458886397	
-1.218333756077346	-0.9394560461501733	-3.897534237142417	2.8582434537032064	-1.5897005351626952	
-5.647172200517669	6.337228623545364	6.30724072504794	6.354184515687525	-8.513014097690991	
3.7237150512662787	2.9342491803170283	0.18752998999250714	1.868980751566177	1.8694531449570544	
9.014341477660864	7.491456312937036	-0.33603639282476827	-7.106826152167369	6.895149221386454	
-1.1387059274955043	-5.010611998602991	5.824690508973752	9.41576081607359	3.0267041168919278	
-2.2071162762430108	-0.11720134571391227	-5.737604291502829	3.467565610343028	7.935512923309815	
-4.890162875437589	-6.169695367785446	-0.8687890353821395	-4.620047347225675	-7.373288188250369	
3.602764998299614	-6.795735477261786	5.887044652802675	-5.317679268053411	2.6244394010269225	
-6.6350171890044045	2.2530538300177483	0.70649550792103	3.337777303977944	4.539657401105774	
8.873902283064563	9.735716479344656	4.8675379219198085	-9.090703461528518	8.301529417594718	
1.8660262201490099	-6.220072590665653	-2.2395426625538795	2.4614502360389814	1.797709449523225	
-0.5907546907179562	-4.2532434797234275	-1.6705136312140194	6.071477138079061	7.036341687765759	
0.2252455751352791	8.119548393577276	2.2560392637205435	1.5195897303085015	6.554488379749813	
7.413252575481025	3.132110223585059	-3.5795033095280315	8.588841873856655	-8.833929516492384	
1.8280481598856362	-0.767539027221396	-7.9239096817437105	7.153606795505269	4.897484110556892	
-7.987383834700097	-2.7367554055360843	9.175507004604565	-0.5105450892455377	8.533083278187924	
5.737969611254595	-1.7865861197389403	-1.9532958783797127	4.009376555156642	5.38076843860531	
8.743281863948479	-0.6220146335595587	1.530108950139633	4.27568986041077	9.531279314240386	
8.485337773138358	0.5035427547792182	-0.4749924455777972	3.496405418158915	9.18748124200254	
6.752953659967023	0.13595138590649647	9.601857716075195	3.365620704466547	-8.665838656426999	
-5.5047580406258545	-8.758905268880925	-1.4318908570168496	5.715003982807405	2.4198337741059888	
0.21343780634506082	1.745579532054391	-5.352065287565422	-0.6300809851831897	-6.862024455963214	
1.0483023272266827	-5.1166847451219954	6.132920431531922	8.033421951519276	9.902694925238016	
7.812403749305702	1.1348298405360353	2.79550287993513	7.994052278587837	7.195430732208919	
-5.492064796603893	-5.567659776388401	2.3177321493748515	9.321559670153572	3.141609870666926	
-1.827783880477254	8.12118303787538	-7.736052556847182	4.165511950716528	8.93700501498423	
-5.655640160032938	3.3345140012285874	0.6621862704218557	-5.821542427078523	-8.923775974464181	
-0.5905553352463819	7.878725505138739	-3.296551318923367	-2.419811723261267	3.487849236445758	
0.8047970937196158	-1.1318202280670704	-1.3984840594494212	-7.33758721674241	-5.292994657471941	
-4.599741553865613	-6.045154015837673	-2.3777227614100465	-0.9427922676398577	1.1114649938919783	
-8.199832890821195	-8.125201978185693	-7.734936774328823	1.892934802448094	9.550723394202059	
0.0642289512724652	9.722750877941579	2.638382092777187	8.016489354589691	-0.9182073999877574	
0.8924482595381953	-5.880094927463986	-5.827992684847107	3.1030002551648863	-7.485188476149387	
-7.655190635967406	5.84753836060878	-5.745506890134595	-5.510630300847959	-1.4491922150439596	
-2.3223675908545793	4.304079472588743	2.575386059743444	5.750839429062465	1.8013805970762533	
9.584053543651954	7.784400804504667	-1.382319423737993	-0.9062288129788847	-8.700717900955063	
-3.816662269093629	-2.497596044438155	7.117715803355267	-3.5620423046278376	-5.200310371559387	
4.509671591126638	9.521492746461789	-9.305682777319852	9.417975577762444	-0.19327041971547487	
-1.7335233495465356	4.129035732098936	8.279310446538165	9.721901877739736	-5.144787492864246	
-7.265590726876711	-7.956421617144931	4.692262999422843	-0.3599691469945512	-5.36215138609307	
-5.153628566892518	4.749103369863882	9.327553781013002	8.368604180049154	3.8804941678420963	
-7.016322065694542	1.9546152491947826	2.429067989874161	5.654507374952756	3.3146577174820813	
-4.103744200424318	0.3533771754030557	5.9284315524248825	-2.1173999995634185	4.876621606433622	
-6.497524304123021	7.299382116726033	1.5256589182918763	-5.511254093167657	-4.963820782741049	
3.5075811173380202	-3.955332597010801	-2.6106424385974814	2.819205862312268	2.7558272943456394	
-4.655371858775775	4.1199996620145445	6.459533755815286	3.6831769738482087	4.043552906951302	
-5.584081901512317	-5.756143113288337	-2.8937616749834554	6.76850235313713	9.899321909060305	
9.42631798828041	-5.760865553286319	3.1125770749782884	-6.786221094722274	-7.856902677537107	
7.825857935615865	-5.894474711126021	-9.058334446782688	3.1668512009994423	-3.5336168372389114	
0.05453151562795533	-1.9432528418312032	-1.2186078064549974	4.390567154899575	6.740661034732042	
-9.800882325396799	-7.751586234249994	9.031523852439008	-2.7896586100268	6.719889570401943	
-3.3455293427512895	6.972812114142695	9.78016159675171	-7.771824469491284	-3.6321777802206467	
5.191432179818442	9.37719083665208	-2.7169367281963446	-0.09883355782820047	-1.0087096930407036	
8.965905892651303	-0.09155986086985024	5.667687125754121	-9.380567307006825	-9.433263757986456	
-1.2313221537846442	3.9342491522402483	-6.7199769862131475	-8.749858014147149	6.128350145528426	
3.2169783961372023	-5.891324997964649	-1.5059685375466358	-5.870693801732738	7.430876820963675	
-3.3575658854857675	1.4212543217604807	1.4535805332574103	1.2965189667100958	8.418324696634741	
9.687791862749535	9.100779281004954	5.823291531966095	2.5560681042139457	0.17118078119097113	
3.7937346939116683	3.1300382092777657	3.528209902262187	3.112621128480029	5.436380716896403	
0.4303838706405987	6.793564108190836	-6.004895857661234	1.082951288792387	6.701407011355638	
-0.4324671422582256	-4.806173624772323	2.0377708302980775	-7.629246165578174	5.725515880087242	
-7.685954402604327	2.9900500936049674	-7.701324368925427	-8.316715418148346	-5.864555232402971	
-7.501735084406986	-4.602112440974446	2.07084396698834	-7.789016127873795	2.6738491382346545	
0.4255498151601049	4.1139766311980335	6.422109703945349	-7.42591055237339	6.798080915416268	
7.8602973592807075	-3.828877322864388	-5.400733545333958	-8.279083695556231	-4.265675112261653	
-6.60462185927515	-3.9007587923353686	0.4917306759566298	-0.6212792070142026	-6.783064745462017	
-0.5701566355472227	5.52705574796027	4.336502507442043	0.7951472613499551	2.859576160743046	
-8.521380016837085	3.8517024891239533	-1.171389910134021	-7.987695444045702	-1.252841826598221	
1.9135896668960033	9.156784596684101	6.941751418506431	5.767824332949999	2.642233878470728	
-5.959481642709092	-6.531212736614085	-8.367226478446518	-1.7891506907164612	-2.0454072014859026	
-0.9273548137463763	-5.067140707639684	0.7230036958532651	9.104335959679808	-6.587639986694505	
-7.858183584204779	-5.189554053280396	1.3822413687451949	1.4648805614847866	-0.5673001110493665	
-2.810049309220375	2.109439390453762	-6.698542560869775	-4.492246945066663	-2.9847598523617673	
-1.3392165835589314	-1.3159223643663314	9.83929274281953	-3.417297446044847	7.951200381158628	
6.948855354596976	0.6605955099236667	-4.202724084773603	6.764886616198002	-6.94653948866268	
0.11218655711261505	5.777524561420716	-1.9621917525327532	-0.7991854760892814	-9.859673604633372	
-2.9234032851557963	8.457901357360619	-1.8885597403399963	-7.939090958465873	6.2184015125534415	
-3.8737582317195525	8.802012402111302	5.1433820275559246	0.5960021410191949	-6.473607275628847	
8.637804154913795	-4.864288436634736	-3.748118916975298	0.6780160833787683	6.4618926245075805	
-7.6571840031194345	-4.342618571010517	-3.895240255205654	-9.235869427635086	-9.312692932679562	
3.3313005298282494	9.125330169582597	4.1380549459762435	4.1227684351410865	5.985242804929278	
-4.019433093817753	0.6840600354799236	-5.1637710337588905	-9.143974385468674	4.438241125930695	
-3.447688614339162	-1.1321306869210268	0.9830631079141554	-3.228785194411852	5.479043437128492	
-0.9075668833086397	9.411320552617802	9.383485612428338	0.9550326189728331	-7.0518041667262255	
-4.351910954276534	-1.1374276003035746	4.575194196106622	-7.134230759649681	7.174480388273565	
-1.1344204097417236	6.153412905627594	1.0404141908578417	6.410206023875308	-9.999800343471463	
-4.6531320934055564	-2.992053561536996	-0.7471513742032965	5.740817751087038	6.819271784164318	
6.425725618191581	-4.839491258787896	1.4237787553552081	-8.6174027150063	2.526618117163437	
0.7193424272744373	0.49479797190686803	4.0920263351123864	7.90524475077498	-1.2648115516490428	
2.435388149204659	6.929004034608152	-6.387790668196152	-6.888887470953953	-9.82590409166381	
-1.507549991921021	-5.0265651501017405	6.120374489583806	-8.707765194623713	6.028315283600325	
-0.8818832145129925	-0.8430328098604729	6.962715509853631	6.162852858001781	7.890226280179679	
-9.356458700748613	5.314479087361301	-0.13489244220757968	1.6348989765058626	5.4991752552606386	
1.7939404208769805	-5.550703049332619	4.292437860110132	9.417118026141086	-1.9012325554319176	
0.8379060927563842	-1.7009110349382635	-1.8247186291876112	3.3882086238949896	-2.158518366272437	
-1.0148675988641749	7.299915682223002	-3.2718918816881786	6.871259317517065	-7.522751106907062	
0.6255584203016262	8.107639907923346	0.2859191388367126	8.553529182642443	7.642006754100187	
-3.1312948205221636	-5.5160790663264825	0.4658935121786616	8.991714273368295	-8.9821613324956	
-5.111975368682005	-2.5639023251736504	-2.92132797552431	-1.3556161288560524	4.128757485111354	
2.347911837128027	4.472489090664908	-6.452405984070301	-2.9812497373100832	7.09945659792082	
-3.3609517990920708	-8.820772809068744	6.320011606937037	-8.853899677860822	7.501758341670861	
8.137109403659725	-8.158619363061629	-5.0442939429702065	-3.564903387413385	-1.300950913223481	
2.063539593865105	-0.585550358851382	3.5147725622627224	5.2653802983528095	2.2741262494115446	
-5.33718420204405	-3.8034816232378965	6.082335674789565	-3.8943401158115094	7.407792061756293	
-4.931844881398819	-6.752653991998468	8.404123517537666	-5.5513052099218	-1.0827567008937997	
6.751266590855522	6.516222605901078	1.970448365102813	0.07928766305133195	6.191446571552358	
-5.631514140141576	-4.900430496997936	9.879114780393394	0.7934566763303437	-0.8784633679089477	
0.2844915828855239	0.9507023135227577	0.508199324612697	3.7180131014735345	-5.7467103244611994	
-1.681602155231058	-3.79496974149893	0.3027751700217962	-2.3817443739578525	-5.654889311019073	
5.3604297899114535	9.279195764773817	8.638195351236021	4.000734201120528	-8.854338181340015	
6.675481876892636	3.2157130798344724	-3.6233089323094276	-2.5542235824995307	8.530134785591766	
-9.101837660112064	-4.02983048433102	0.09620171596337279	-4.834190297433009	-6.532653783452734	
2.984261565768376	-4.497904073252583	0.5060002496367133	2.644455259887991	-4.262122447647232	
-8.190482667342948	1.999110428946727	-3.4968613702212004	-9.74803656617376	-5.073605413439508	
5.249660567191228	-9.624987079555726	2.176207104179868	-8.054829455986514	4.116502486920359	
7.348310796480014	4.44307596178318	7.897909354674795	-8.176903110749231	-4.098210016885993	
0.3836768191565838	8.278558451295599	1.5350450043418284	-2.2175785427108625	-3.487402628571692	
-0.6040365326173145	5.8952388024432185	-2.07322078535735	1.7865395226300773	1.3751420063824256	
4.167136576259196	-9.95752980874065	0.8642026069885453	-5.496775278125217	-7.0781631490316705	
6.407341697831072	7.742548441223253	8.620387231197494	-8.385228669790035	8.510611005585694	
3.117217618689896	-2.615012980739662	-2.0669952063501196	-3.6485317306650433	-6.087459179277337	
-5.503954104250715	-0.5457290731860294	8.527115743695937	6.649224774856272	7.335103857468486	
7.944049081491553	-7.316402088007779	-2.3345276138207023	4.993396334611139	-9.472879252856199	
6.469204731903794	-7.320070986243352	2.279195385180424	8.00521891086414	2.821615923547755	
-4.217477840103491	9.054074692917016	-5.2474649834202065	0.23637169607185626	-6.338091837570319	
5.125758153028828	6.905992400564113	-1.3943377912687733	4.725895274112059	-5.070881973241452	
5.977375391339244	-5.717173224018051	4.743875394568837	-6.64420127382029	-6.4504684971868365	
-5.7806324008259224	0.7379476153852575	-5.653155666346635	9.379047012328837	8.337685711941564	
3.0720723373139247	-2.7583828347107815	-9.987071203969078	-8.255849812750816	2.0362580003452457	
-7.61980205848408	-2.062999424176539	-6.046473203850093	9.695426312461798	-2.914631754526935	
-7.6911327044436835	-9.012811464761965	0.3702736569623575	5.904179222324661	1.4884589121907474	
8.023942620270887	-6.1599114171856995	-5.131980583264615	-5.135675374211514	5.223709557361719	
-5.794849610338167	-1.466007427653544	-3.1159987584755156	-2.5892904471588496	4.318985152025359	
0.6993394849707606	-0.26806014129793	9.494196760209753	0.7984172257553865	4.934524621566336	
-7.241376551605343	-6.178796084888578	-2.1579989880212658	-0.5404693905131293	-3.4503245947109473	
-6.902833675142245	9.435087666567917	2.3917942137756842	7.433902627194005	3.076684957728597	
-1.0075761273712658	8.023143407614452	4.2643897316845845	-7.081882240710698	3.0868436154445753	
-7.46301820136982	3.466890349765011	-2.087927436224404	-8.364726218234939	-1.5441141747989757	
-9.365043882250399	9.235294236449214	0.7609154471200412	1.113679032072568	7.361358287427198	
8.447844995982848	6.523142136436647	7.574961242218276	-9.469454832981379	-9.357127093399786	
-2.1957146662836013	8.678969951721875	7.9570234703092915	9.4746808883381	-5.134836337724957	
-1.7364432459191175	9.039697494100416	-0.2677878963283611	6.428837738886397	-9.87101949968942	
-7.987621544766155	8.691466776594886	2.62475276006767	2.9301044319195757	0.40581309012504896	
-3.8282175602053687	3.7230804700781466	5.939511787084948	0.49674578744345155	5.03730584180051	
5.311717812043478	4.5029449960681145	-1.1953163566866376	-1.173598593856493	-0.5839316039233271	
-6.987611355156444	-5.892809776945162	-8.741862610573499	8.034391552743827	-4.648982548934912	
1.9796879077631129	-6.443598396478394	0.6591408518346586	8.0181446839821	1.5259076504950446	
-0.15139204637119974	0.5773933321153883	-0.4788022910691918	-6.249720175205109	-1.6626452459913068	
-3.908886668590421	1.1256725699989438	8.933716876237085	-3.4901933215354575	2.2706504978501485	
8.68291198419448	-3.5906076788273626	2.3409772957714985	6.452539408402828	3.009458192631975	
-5.704718591272084	-9.736503820162133	-3.5846932054501064	7.1706517127221545	9.025380975112288	
0.6178443317144087	-5.985330671385101	-6.974968821628353	-5.0683160214409995	-5.636536390057792	
-0.967861698782265	6.515016522878735	-7.335862224037665	-8.977468077380957	8.08873000599728	
1.4432523516716937	1.8959798856910748	-2.8553841735974927	-8.301894152264655	-5.147100058866043	
8.546988588645334	5.021818816786492	8.881155399812567	3.634064189103004	-0.3326473431585839	
6.950439662594501	-6.763334823113539	-8.392539397088663	0.1600145325222435	9.026569842005088	
-3.0396141053926407	9.090326808923223	-5.320499362957348	0.2794638673315557	-9.972534866310072	
2.8284842630584563	-4.669591349405624	-2.1120770378507974	0.60086580992105	-6.817627754169977	
1.1988742731910804	7.291332534525271	9.701051125289247	-2.4162219643669847	9.28550167120552	
7.1984122080099056	-1.7301344410495005	4.533890165639068	-1.9316053492554968	-6.186871471838662	
7.984209348568328	-9.207788156862106	-5.289921480039686	-3.961356432720202	-1.477252698707506	
5.909780600875257	-5.167727703670451	3.986561044533545	3.4615626212411286	2.8890361369357755	
9.817607612104013	-3.189845595834848	4.572304930320721	-8.493404644319833	-9.242440361361005	
-7.303347610189599	0.01906001910738553	-8.285900935384717	0.45101665302033744	-6.204920694999521	
-4.20219754427444	8.536187716781761	-4.731949969096951	1.9225394559817683	1.7349695160944218	
-2.9864085990189038	-2.771370324476468	-2.916751997044493	3.4593316379954757	-4.006795513106907	
3.306161346675104	0.15102214203932007	9.984007932161738	2.94593839512647	-6.249102299503151	
3.507338129198061	2.883119044844328	-1.502961363818411	4.138419883436464	8.993480312914329	
-2.4797681601851878	8.982469979504526	-3.1164552469006708	1.2267103807537882	9.383405919560843	
-1.90112952130049	7.120174390121946	6.146783347387931	-0.695690421798357	4.593489536537943	
5.132753425454412	-0.3994456341441417	-9.813477164354104	-8.055577327037044	-7.064838533499477	
-1.1611782348871902	4.840808307339659	8.110370135486072	-3.8719800863190397	-9.009042929193658	
9.622788339166672	8.68305084409393	3.82555289557091	6.899279172508603	1.791109843947254	
-4.845701415879285	9.228296312680865	-3.8634621446383726	9.85185519232116	1.5137985539799104	
-8.671897270360748	-0.4037219590165453	5.627591744624967	7.022296058917924	-5.732948562351645	
9.73725879141973	-5.612871795764431	0.7590427382021261	5.032025138273589	-4.620485571999828	
-4.905311281034934	-5.578860318369352	2.45187108495902	7.891042778127769	6.684878007546192	
-6.143656117939285	-9.125774243814519	-1.329482908409588	-1.7575328869557403	-3.06019111143363	
0.4342264682062549	4.0228256825460225	1.0636808762644172	5.659145084852986	-7.512489762335486	
-7.159354636222739	-1.2016669406920748	3.651081705492592	-6.434969897084573	4.946662272999852	
8.219800747837763	-3.0630748049754413	-5.882601432931138	-6.482538021432349	-2.357502056407741	
5.232908499784635	9.351611600993756	3.701515323499713	2.6041481642655366	3.9654440558736166	
8.623164808684162	-8.639905823106206	9.152833855233332	-6.999817786737461	-2.868267798588631	
-9.198649214395541	3.9264336362865997	7.097699796577572	-0.9212675154184033	-1.5557820569395133	
-2.815265822652475	5.237538756807584	4.980264984741892	-9.459834425112527	-9.947855665955101	
1.2062241382818009	7.489049287100954	-2.602713407307089	0.45161004608140054	6.223803142938152	
-0.13583131223363232	-6.0074310687701065	3.557967419703143	5.887339077286878	9.137561926858005	
-2.575375887384519	2.071648117716709	8.338715484470303	2.061374168153421	5.350551201669489	
-0.7887136077871144	-1.6819959556822397	-3.9195760873896868	6.367018330736183	3.0464518787666854	
-7.3574459254294915	9.859214266640066	3.2370528093907236	4.6393748027926485	-3.3441247372163545	
-1.6969475554791824	-7.069570601016151	4.43719298103067	8.319284460919487	-4.451981350076453	
3.6369688967123643	-8.54608971594468	6.873199401466202	-3.945333229881487	-1.7715565480336526	
8.003896773894091	-3.6261397770435266	-1.2744993436017538	-3.913789100679983	-0.903560341164285	
-9.084823195398439	1.8764299959483992	0.7780957160822304	-9.92651163317072	7.974297957423559	
7.92755817498287	9.759444893380692	-1.3295880378164977	-0.9265935889842254	-4.161182385498325	
4.089688014370658	8.402224139442218	-7.170846775739291	6.601118410392676	-8.902855784947494	
9.025411185653617	-5.53495339780214	2.5038405508712795	0.991223600727615	6.798129518591011	
-2.008978998847617	4.434645137834771	-0.387433193704954	2.3592122828819413	2.508314372771343	
3.127747031804997	-6.171910217797119	7.269077327652781	2.4766893359273094	0.06194053565545765	
-6.480707746703896	1.6032810697074655	3.2849449933078585	1.6198282503805945	-5.321395442516781	
4.4621208219421895	-1.9054372584333912	6.154860943975734	1.8199422334537942	-3.1426505445558917	
9.680242754582377	7.772950787870709	-5.27393705431731	2.159712884137708	-8.130007185293124	
-7.07942627953928	4.496702796940804	-6.86131351044814	-0.8086602521928103	6.281444193289055	
-3.0721024055821715	-3.401563032387063	-9.540870804873624	-8.981018455195118	7.4442824805910135	
6.711692935020089	-7.705700024533213	5.061967427243694	-8.877413489932087	-3.624129914341827	
-8.058078060398358	-0.08406595849017151	3.78592691530946	-7.736559700252499	-4.739321852301486	
1.39297735518252	-4.285069603186457	-6.288793138243339	-4.615097118251028	-7.312137837755128	
-1.7868899333340593	8.190786060545154	-9.685827902031106	9.388425231830926	-4.919679920610038	
6.82526926023742	3.5643614050189107	-6.706554488387608	-4.010459497745	-7.7353177142433065	
1.017986070605934	-2.6786901246636186	6.828627970042444	-1.7944765871230945	-0.7594496039032244	
7.327952378944914	3.2600910535653504	4.937310136180253	5.783531743996734	8.31270646937416	
-1.9316590746236635	-1.4782663257989963	0.3735403390748111	-7.724133912777007	-9.694709883070182	
2.557658791390738	-2.6089072643274136	2.9018998407405956	-5.188437953910247	-9.042123039812601	
4.671350016080012	-1.7225683897119932	-5.6180064588767475	7.7611769598101645	-8.586924272199399	
7.013246068071208	-6.3394906548940195	-4.2740627786814445	-1.1390247980097676	-4.575261397363715	
3.790862382169365	9.299124609333084	-8.569522315405663	-6.16461275410336	9.916129449362035	
-0.4727830372347377	-6.927053349856664	8.602974345933902	9.81127188042315	8.57324279505358	
3.933185594639932	-6.871552717012765	1.2494591781536073	-0.27322461915023766	5.730034733358378	
5.8924649917127	-1.8557202282894796	-4.858625861715959	0.7947452131959984	6.474825959606974	
-8.92364668769555	-1.9933656500948178	9.33073278223172	-8.452864822880198	-3.4957274179306967	
-1.5403483155994468	-7.787786699687242	-8.010772681733695	0.7762094599095164	3.263362573738318	
-7.481863962007789	-0.43499337164460705	-7.85548597690422E-5	8.12689092887937	-1.9982759816240936	
7.003538271489994	4.895309077977936	8.515672728313184	-1.1751471187617497	8.86636389152001	
0.9450683269263251	-0.10320188030073574	-9.85960603130138	2.2421859015974217	8.475405406713527	
-8.412345424150589	7.484558846341624	6.095210040680374	-5.259831018437162	9.723629178439413	
4.445188633151753	6.003599021766167	-9.351821879183	-5.666737365312833	6.700832914061547	
7.059640949909774	-1.53508304991675	3.1069202458630603	4.279379021792462	1.8633987480860021	
3.6361832193733825	0.1676955412158705	-5.236111172672082	-7.1732433422246755	3.8226759689047736	
-7.999084597368533	4.177209355330236	8.414940522630324	1.3009228760919918	-5.328720421257776	
9.40583570733089	1.4877421363184133	-8.922657433178555	-3.4456845978409234	6.277401454146819	
-5.437163043387909	-3.6213426360368377	-0.9685096196489589	-9.214914069717867	1.6087376321283564	
-4.3767354218994825	-6.054022712408895	7.456126348463755	8.88508378463968	-9.455411306517693	
-8.91126890791279	8.490540816694551	-1.6168752179204766	3.8288440559928016	1.5821805342758424	
0.050058499572735116	6.579411593617223	6.446036141354497	-6.248499741545768	7.956175222789806	
8.500855078831247	-0.20555549720021205	6.921096295235426	-5.939852531940639	2.5094956010827865	
-4.1547677342511165	-4.453435412686146	-3.3233509473171186	4.75044197127758	9.665230155750123	
1.1900764340886134	-6.2732759419368485	3.866640037052907	3.012361522167124	-6.9302320809687785	
-4.385433964104979	-3.6307533976867052	-4.86043843383497	-0.7386125509647314	6.366571750190861	
0.9625695531784544	7.509470821053146	-9.896897863225451	6.1900124082043	-3.8423216799084	
-7.18642583191603	-7.047978083401514	6.362584475439547	-0.33105533968486967	-4.494128690012182	
-6.836339535033915	8.242992115094761	-9.627064356196822	1.0025636267953093	-9.986798617136778	
2.1966384135025123	4.019234065348485	-6.234339129392515	8.250100531921053	9.35938953668574	
-7.582085964441545	0.6797997460600502	-3.924793241825575	-0.5836994930576438	2.4885658257598653	
5.447990338380196	8.552244647217137	-9.048918729214543	6.3409060103911195	2.1734006220888684	
1.813152974254141	-2.5739990724305795	-3.532819492981531	-8.139300491888473	7.889436176169294	
1.4808248437066212	-8.838287067580984	-5.738113114090469	2.599334571969079	2.993292633544618	
-5.556888311447028	9.30794489023257	-0.35671681275719	-7.777453667476941	2.03980341691196	
-2.690957195198223	2.9077743269040504	8.360824806510209	0.4097231128639738	-4.8275495038516425	
5.950412576116058	-4.052346274676286	9.300133364965909	7.078706915657325	2.7365868288233113	
6.854652860232626	-9.986277987922115	2.3729992963625683	6.92085615647111	-6.071997377496931	
1.332259719312379	0.8701247723949557	8.313794635604765	3.879511959072495	-7.040722242508107	
6.337796480645213	4.6476983287230595	1.6461329100056723	2.3783678853457104	2.6144779866265075	
-5.647785568841286	6.191679568986615	5.183866409491895	-6.365676196913195	1.7736084558938074	
8.603411501225679	1.225843266769397	8.573220504575929	-9.880958579815367	-2.659951236029374	
-0.6785289415489082	6.396316290317369	-0.6201164654722469	-7.383305436927314	-8.179995375230153	
0.2788507535736251	6.585754306660739	-7.833959358132234	6.968760173118898	1.6884813407918653	
3.9636226507273715	-6.005854037967495	-8.187365968544418	-3.641265641137452	6.923969833977964	
8.252979807626573	-8.730131368298593	9.94958597999069	-1.731334187248157	-0.01917390920779205	
-9.938084088936197	-0.11738574032310822	7.612868786578268	-2.7844427453805443	-6.664590536404056	
1.6545419851916705	-4.264085969103181	-5.135315317985776	-0.9005760370141598	2.8744230743414807	
2.4238169175792024	3.7200068372791844	1.011335165528081	-3.6638947430694007	3.338660106854581	
-3.866423908834391	-6.42023049680528	-5.3709697779840475	6.547812387999528	5.125617430490976	
-6.486718760586383	-6.893176229833258	2.568554900888154	2.0739281217898036	0.7285430145806071	
5.474542972168578	3.131377370614846	9.6382118863805	0.4420121567984232	6.8218503332587375	
3.337832429542491	1.201683322161898	-6.195831149723352	2.620791098183199	-0.5134774271625844	
-4.133790033447777	-1.3044055004168236	-0.9767450651978589	-9.436579202599493	-1.0838575143898197	
4.5893068176319325	-0.26538226654882635	5.240409931241437	1.669906807453291	-4.2060731303825305	
-2.1935499247865486	8.198560676479357	1.7673321146655994	-4.072587310701294	6.882601486991863	
9.69033552660532	-4.805412475815556	-6.868757474814771	5.749364906193097	-9.522438533981468	
4.727524240217438	0.3200950943807719	-7.518164453802592	0.6296631874986769	5.978105785142802	
7.672223426674215	0.04498708838189103	-4.860683600779598	-8.142469197128326	-4.399115140576182	
-6.100611921312757	-8.08967349005119	-0.9764490138683684	-4.392665652117409	-6.022102687504221	
-1.6047996778045963	5.758396368330313	-6.298950665188632	-1.6589298920970545	-7.9924688976810465	
-0.2723748492006486	6.4830182684526925	-6.114574025922188	-3.5930212867584688	6.199119281603625	
3.5230670312890275	0.6701320451850279	-9.147723577939242	2.5553614876118296	1.32236423708245	
-9.255949460347157	3.040353902884492	3.3110222006529693	-6.062600576482491	9.796523546624123	
7.19732856643844	1.35180498516225	-6.7481174864947775	-9.478335564471582	-1.340234709109163	
-4.260603399153576	7.918174798342228	0.27732670155729977	3.7822614467361415	4.1812772902677775	
-5.8499930294263685	-7.563659979659116	9.730080398528099	9.143050088440443	3.833413703111013	
-9.230999053707725	2.5631978570575065	0.5848607047836367	-4.167051313409513	9.262209171021148	
3.9907928072261907	-4.567622908843864	4.905421451552094	-4.027940604315033	-2.727129599573537	
-5.85328643819409	-0.7064657307209661	8.823089258685595	-9.031647651979997	-1.8634198750643005	
2.856972325160827	3.7088011280733078	5.576633932309802	-1.7401462456554562	-9.491359526428102	
0.81447849116139	2.592262219378892	-5.709331089529817	6.758906308247269	-6.225277158516964	
8.090044566887357	-2.017971809432437	6.330861783854729	-1.9054562207082864	-6.319447546439427	
8.232855746898899	-6.905228809768276	0.20424142015417956	6.523640929503877	5.872293176780598	
-1.0199689834941204	6.5847294250669215	7.060268730431819	-2.29701977227535	-1.941873447996338	
3.591345017851017	-1.7794559582670626	4.698935572183347	-7.349783946688653	2.9206096397155186	
-6.911405249421392	-2.3674175485969435	-1.9018570830340735	5.105801067760428	9.35250749917347	
-5.090644008723276	-9.252176658579183	3.9936088684642552	-1.659765797362132	-7.982750383988469	
9.729113924684214	-1.1544517868270248	-5.959962840370205	9.752539874648814	-2.7235721568430087	
-2.4757818544924026	3.2266751560334317	9.261868710512903	4.619510188403652	4.165891181020051	
-8.337788445238994	5.944739045117917	0.8839569421000988	7.807330114791402	-6.687030976475546	
1.3893987181250207	0.9761999959215579	4.626131999960759	-0.3781808863932916	2.7689968715297315	
-4.912146795833743	-4.229684275255381	-5.902360376820104	-7.49620450865371	-2.7605402963747157	
5.1942522637551	3.8314489245045547	7.49912967340903	-6.806159927165494	-2.5155253797045845	
4.021355527268639	6.897713591996087	-0.8955987816416044	4.350282076791363	-5.813850515321093	
-9.96119878594689	1.4239161422992055	-9.729523571147327	5.469984356922655	-7.804393516097363	
-4.115558645924899	2.728972617678396	-2.7117136474368237	-5.3336930614190585	-1.2307956771231705	
0.5384206422524827	-1.462342111273923	-2.0771495853213473	7.232434050446809	-5.057598449728609	
3.6902204537041623	1.775696608886614	-2.916722480869689	-7.496856532778471	7.315474827726241	
-5.108474257818965	6.2350963498568674	-3.776865076435598	-8.079561299631006	-2.4951374281645533	
-0.06841152385552363	1.9153917467647563	-6.528543447037158	5.793463309713172	9.896350163028583	
0.5285698724349945	-3.441252500167897	-5.85878796914983	3.712629437729273	3.949491877994353	
-3.1126040479552453	2.391201397483446	-6.974796283823124	-8.252913321942527	-7.373825926503697	
9.195553388446154	9.566443162508193	9.388136362004882	8.118207945348146	9.697460705366893	
6.543801117427979	-5.353372801598892	-6.4448175634649	-3.96517677449828	-0.41388592908752564	
8.244917848462539	2.439421667353777	2.5337726126823945	6.231259018014281	-2.7936635767315687	
5.005840764571632	3.9642710208123297	-4.1521375898569985	4.965228095106935	-9.751571878896472	
4.858884412298005	2.9189252134880928	0.9718798429532889	1.7935587689987535	-9.350262137530589	
5.775367080876617	-5.653846059992413	3.5851135875393485	7.257560820534426	-9.847328247037886	
1.0750720438692252	0.19402212170083466	-5.229357768700891	2.3539413538832736	-7.684007673866542	
3.537504377621925	2.98041544395711	-9.66214006518223	2.5584344356342967	2.8909531306062703	
1.7943083628437062	-7.289812134611204	0.714007386369417	-1.701956774785696	7.925388673306429	
