-2.415410038213719	
-7.048588831588152	
-3.2658945354770967	
1.9637585902273038	
1.4064024561855568	
-8.548913053359023	
0.41393135552615945	
9.704382405118242	
-2.082329581318403	
-1.3586921080642718	
-3.846225221249644	
7.792653144967552	
-7.271373226781764	
2.442074121802653	
0.7910975175485202	
-1.0863657284426527	
-7.514057541068846	
-6.535413323865273	
4.736444693993619	
-2.0186878169693223	
9.820307801698704	
-0.9266708428836559	
6.175610987711607	
9.655168070053229	
3.750965215413153	
-9.797386961147945	
-4.093949674690382	
6.134702792600152	
0.848078895199663	
7.834927196970391	
0.8916523740187525	
9.37559706870092	
0.05151870291367189	
-6.19764835139895	
8.780130158932934	
-1.3124083132979596	
-0.2327368588117018	
-8.548805919041612	
-2.0875472618527073	
-5.384428843142642	
-0.289704631720209	
5.71392184111942	
7.763886964196303	
-6.928246355767249	
1.9355253619765218	
-0.7386464865116267	
3.291388433683778	
-0.1217190008153306	
5.5959161265471575	
-8.33800154278888	
-6.677777282432413	
5.195925424730934	
-1.810341389060163	
1.854328022634979	
-2.09613354291184	
-0.24398177313134894	
-7.594106695557457	
-9.258331749109496	
2.4453814527244138	
-9.620870568373935	
2.151128218704768	
0.34831472333813807	
7.515628302096612	
0.9554174681141419	
-6.063834330623077	
8.729377821346297	
2.323818825909033	
6.877989685062737	
-9.473996328931973	
5.705759954789876	
-2.806907663848661	
5.86200430638522	
2.6028310945734763	
3.4995950896573813	
5.747924412869189	
-3.8513312996300852	
1.1648991381731992	
8.47436110868173	
-8.928636863398173	
-5.715323988426855	
-1.518299898704944	
-4.562193584301923	
1.7482228281965533	
-1.01595291178384	
-1.351452874744762	
4.344718079026638	
3.495531232533013	
-4.979263102614173	
-9.86870163798707	
0.7404783797105736	
-0.008319571573478513	
-8.33322537846833	
2.164634856163657	
5.915259819007197	
-7.449110545209361	
3.8821194714784983	
-5.535057849460565	
-9.507393825029322	
-7.550262419765108	
-8.721188245982523	
-4.5584767593852416	
-3.9449275411223628	
-8.002309020813067	
9.82340712214328	
7.937506627327661	
3.4134762949199864	
0.853695788292617	
4.30809406061303	
3.504477291325699	
3.2552510431043657	
2.6260712421434462	
-4.18770855477177	
6.312522717878135	
5.1612647161325835	
3.453084581497288	
-2.3070621603156223	
6.020027692969137	
4.3594029799001355	
9.046763135090906	
6.083085170510067	
-4.724783935043622	
-7.912898908289985	
-0.40737074349602764	
-3.5551828878699947	
1.9940970084612388	
5.063927198487665	
-7.066772790151939	
-3.5860811261921377	
-0.8428796147058577	
2.32921970943778	
-4.376551301389259	
-3.00986661358956	
5.589508585394029	
-6.421308108158654	
-1.2691765299212427	
9.068240496911034	
0.037889291302679595	
2.13782012970492	
0.6641078061885963	
-9.628394704545226	
-2.1714962494905343	
7.838738863556344	
-7.151353369939164	
-0.9587501150775992	
4.489927732600016	
0.3212721155998093	
5.727146139118977	
-5.550098588398824	
3.9458953388041866	
1.657639591767989	
2.349656631272545	
3.251888108147657	
0.23147173724046333	
8.704277190359335	
4.726710446672325	
-0.7538565054637836	
-8.841519388035055	
0.21312313115527282	
4.15472257273969	
9.321008860748972	
9.953741928785107	
-8.51137841640388	
0.8829185067437866	
-5.434097564691271	
6.616339973595927	
0.25560856554353606	
0.7762069282660615	
5.576357514746759	
-5.412208398513854	
-8.592857710787413	
7.038571948101584	
-5.954684805535695	
0.30164319483343505	
-4.569740401057172	
3.5967181902683727	
-1.075019795795754	
3.276680343153357	
5.561528032416248	
-6.596147806913411	
-5.240055747681829	
2.640592687053058	
-7.896809429730087	
9.708652107815688	
-7.766309246646939	
-7.681409141268228	
8.834585958453324	
1.2446158513141565	
-3.462994067738501	
-8.40587520979333	
6.082449377205808	
3.3301518937687646	
-2.141782623540447	
0.34652162328656644	
7.767595989486754	
6.029922062689046	
-9.88840417935852	
8.992997570413127	
-4.375601601201769	
-2.186894666554913	
8.961660092433998	
-7.989823555308691	
-7.2066236393333405	
-1.4455899425646024	
8.267529150448333	
-9.117113755648358	
-8.883878564541805	
-0.7411877010510803	
-4.737125923540157	
7.425672686867909	
1.71568839129543	
-2.4488404195357516	
-0.896571902360142	
1.6451154691397214	
6.824483567413008	
-2.243060739512406	
-5.144584594925248	
-0.34129899420825893	
-7.674396146876125	
-7.6893503834401145	
5.564677582627027	
6.658649168209841	
5.10246137044051	
-2.7366061482214725	
-1.2623363280774065	
7.506756411959337	
7.045460160460017	
-1.178550595187943	
0.3818757142983138	
3.268969069017672	
8.443378585585371	
0.13273682592631175	
9.6947542053178	
-4.153935876199409	
-2.5089710206989047	
-2.051738499887918	
-9.443598487812388	
-5.170542592310346	
-0.22633457325955852	
7.320761627653642	
2.1729413683870114	
0.8088312016037218	
1.8425215430194442	
9.162944462640553	
-9.466271124616	
-2.4190815962902263	
-3.6252345530769947	
0.27286532576481903	
-5.212983118755654	
2.0564419130053206	
-7.084942089059476	
-1.655862831661132	
8.20510868873017	
-4.865140526817036	
7.824822601255331	
-4.48616378565762	
-7.898587158396171	
9.414229160718268	
-0.1807769896910738	
3.161113066350323	
-7.12175449828961	
0.32615471383449623	
-6.6492348740896094	
7.954678697311692	
-2.674392428167504	
-3.866560523485056	
-8.897661960914816	
4.557488313573991	
-0.642407392274265	
9.200720123944567	
-1.0185824700724329	
3.932109556559258	
2.5644670980915194	
-3.953977428965958	
-7.73893365522115	
-2.1495934011125613	
7.274891810145885	
-3.0961764645876695	
-0.10774104171295562	
9.996340406786615	
8.264139346487628	
6.877869052904529	
-4.484015408065114	
1.9608292065414972	
-0.18941695606027942	
-9.765346492257791	
-1.667537945631727	
8.462780288274026	
8.494134010893752	
6.986116130884124	
4.738740866676231	
-9.709446719705237	
-9.053293586016316	
-3.367227303655982	
-7.475172251039419	
-4.256724564090016	
3.7062050283495314	
-2.21384510371617	
3.4224268056292892	
-8.238417483545728	
-4.608075647952412	
-5.637916630793076	
-3.07075123715318	
4.4725182385097995	
7.610667871642633	
9.133959446410795	
-1.4142147513764485	
-4.466522133249997	
0.3192883907077597	
-6.342076418207039	
-0.7396793226047933	
-4.554755636069769	
-0.18922827577472034	
9.92936056845329	
-1.4981163682639558	
-2.0856894579412995	
3.0573751269433664	
3.60292719763976	
4.649731125006058	
-9.62015038303141	
0.8357550217767127	
-8.794107261798006	
7.14187298094398	
-5.0191555491301525	
3.875413638491649	
4.4972673075995235	
2.3440469969298494	
1.5240438664255969	
-8.786796319492128	
-6.027158823655108	
3.2244613818518353	
9.423571704613774	
8.00303682333329	
-9.511092854504442	
-4.671470822777959	
-0.881827434760968	
1.2213472020415743	
-0.924892565071243	
-3.238275979069547	
5.132226684616976	
-3.974728078162075	
-7.770510472982477	
-1.7324054486605291	
2.7318316937294522	
2.9619052694419636	
1.3365239820148282	
0.9918767365833574	
8.037403047862746	
6.793404331068757	
-5.678517199839406	
-5.847442072612406	
7.4893936858547185	
1.394119577191633	
-4.747759123518412	
2.5896394968147085	
-3.2760988965268734	
1.992332503973671	
7.322214483041364	
5.047270191256354	
1.2000786621764892	
5.970592003352104	
4.495809785595881	
-1.9551929439407711	
-8.668574682269751	
6.50504401964827	
-0.9295886775463096	
-2.6777160074506305	
-6.591810427483282	
9.515553286881598	
-7.493409923567027	
9.099665277889166	
-5.7417342129475095	
3.714833448618883	
-4.899122007921397	
6.768169690043596	
2.379140058577656	
5.986187937705772	
-3.5768976172215723	
-4.864137521456846	
1.183575539128034	
9.885893440435488	
2.912932418653444	
-6.021395044031268	
-8.96310382729916	
3.757643565828854	
-8.372046068442447	
5.40137532107331	
5.9238848031901945	
-3.2371052598606713	
-0.14177347225272285	
5.393867771389203	
7.868460316003677	
-3.927656348441664	
-0.8300385225398728	
-1.0318158715148833	
7.639461874463002	
-3.4698097138144117	
9.413578295063132	
0.3953524866877949	
-6.188978934733473	
-4.705766417741623	
-6.670903125135775	
5.311285969795481	
-6.093842905598605	
8.271259245397403	
-4.395563704678034	
9.841736742282738	
1.1373944205882918	
2.6085830010185944	
-8.410119907354428	
3.3996709672079923	
-1.8316528286532758	
-9.930976991712239	
-9.655393640060836	
-3.5625755629930094	
-4.644619707804991	
9.807970865386334	
-5.711157236174726	
2.1898888372262793	
-4.911389746254173	
5.88765481177848	
-6.542138315439912	
-7.676110887985517	
-3.8633394965224888	
-5.194925675601862	
6.20169080093266	
-9.587175591618095	
2.3097533018911243	
1.3765074130605264	
-9.852938323671214	
-5.7154598935786645	
-1.7091377223457567	
-2.487107866604765	
-2.6642118740451686	
8.544313747757709	
2.144819041086169	
7.7367862930778095	
-4.323592114497963	
1.9537434521391326	
-1.1995860678298165	
7.733023863870393	
5.193590194761203	
0.8502236622965675	
1.7106944892289029	
-2.2084106138884474	
2.0324585859926554	
9.420616436841161	
0.93181510910021	
1.6926295183548774	
5.772644447491491	
-9.603384372748039	
-4.979049423108776	
3.399946327377112	
6.3295269221870925	
5.618219606880006	
-8.561051585320563	
8.870698407185056	
5.567794560434065	
4.915626295501973	
-4.4464670842637855	
8.355469721448397	
5.725092084236682	
3.888777805084425	
-8.125941776504026	
-4.2457542123187135	
-8.158797796383952	
6.417683404908871	
-7.191067809729681	
-4.089742169078912	
8.610840829575416	
6.115552078102997	
-9.977980800868123	
-1.834930450154257	
3.425818262248894	
2.440687598318128	
-8.6255405558218	
-4.935340749021126	
-3.155027759869389	
-8.188017425671685	
2.4735213298690297	
-1.2023111236211363	
9.327924825843034	
1.8267776322746325	
-3.9897540554474586	
-5.2364626698538475	
-1.2086132417303102	
7.558736337009741	
4.3527962664199045	
-8.390914908819502	
7.394376177845	
2.9173132143401475	
-8.727399207118111	
0.1396510123675263	
-2.068617294805355	
-2.8207215255391516	
7.215507736986389	
-0.299121007900748	
0.3101608346687179	
7.056691603985296	
9.190346115120434	
9.944781963082061	
