-195.65173236434708	-168.64419930832366	-31.10839123518923	444.6275524116103	-426.5237310533568	193.87564889425255	501.14977107461607	-82.82543605445693	-450.334228843404	120.66603701736733	
-332.5799941576722	280.8629798313701	183.90138741093153	-0.637966155494837	-406.4678990859221	121.6226422067233	-141.35417777265707	96.20727426150506	157.21791640931838	495.5201836376866	
69.024276112753	150.17958730775035	369.98671053273563	-96.75909507480833	97.7407047155341	295.8185945546726	147.22342991758273	-144.01647776596525	397.47566919675535	-353.8770070869788	
325.6341432112855	409.2096886840757	272.3812236587845	-342.6631001066329	-164.86199608923368	-112.37450938789351	171.12365020634445	-214.38429648555797	-269.25026019040655	-433.0720503014348	
-332.27166709855675	-343.54839299161415	349.9098434179456	396.22362722860794	-169.7463963695045	-137.65272320360077	-23.899168420456533	-278.3812588340406	-494.93830914831574	330.5532549264892	
473.43960750307065	256.2924930197538	-106.83540952013567	270.73080988699905	478.2541158944522	-477.6054433666566	410.8017171600178	-138.83387634455016	-83.55844745181423	368.3578989184209	
-122.94660514482155	268.64571813234454	478.66165412204623	-176.31522899304633	72.91078181022817	436.30460038026445	265.14414029259115	-194.04916356011438	-66.19291930310862	407.6801008985352	
50.08440723949525	428.6778262232367	-215.83012161254788	-159.15685992351325	86.26351746168166	-42.151628457510526	-293.9247629184139	459.83823680973626	-5.338411643327277	-460.8196601479483	
183.5769236846496	-371.26034398627087	370.4333386057201	13.83897919498645	417.74317046102783	293.42751988671466	-449.3155495096769	-151.95463555489624	-501.13756672139175	-393.2976681277722	
-77.97505888415094	134.0394492838724	100.6769401974243	153.5897921045073	287.883451864432	-108.92762013690987	-335.1308198246858	-235.36059106640897	456.0408486112449	253.54100135327315	
-263.6386337822519	127.69227560105844	274.7868606775694	-341.9688069589636	373.2915023144477	353.982069641674	498.5158327010919	120.91160923764164	495.80227861593414	-145.45767927307145	
-314.54008308278685	-408.7878478794065	239.02044682591907	277.72007007997024	408.60862364443824	286.8321654578988	137.81365784333434	-207.85854482015952	394.68263602765524	-23.34492955484933	
-27.90888957489824	349.740235039519	176.31823314357473	-77.10633825401942	-49.43852352573509	499.44301901165795	-242.62457463489557	-195.04092320206735	-369.0221315866773	-177.19282903209375	
-473.4917839257403	-117.66720546795221	117.98456344344095	-287.6713045531473	506.83043818576664	-450.6742507307827	-320.26614070779146	415.2765467536193	-114.32743237960563	233.2334080395865	
-500.5358888064696	-474.2315261757957	-371.9420343264379	288.23807687643375	482.22076044592916	-413.61940510785354	-160.37310488382872	164.47093229850475	-301.1372207490278	444.87896588164926	
135.30582986298077	39.927354799125624	237.42490940023185	77.67555036673662	-504.94155326585684	236.42726683117212	255.80430582750512	243.34506139071652	-85.43924977985273	-315.46952648884474	
-200.3942015096353	-432.0090534417551	-253.3814932508132	43.253579821210565	-331.18493885198257	478.41947088521033	25.590248871165045	415.58985248906833	-446.226705297402	246.97095045556205	
97.99074713875223	-45.791899955270594	-175.30169071476945	238.46536252695364	434.83349559501835	493.2985931081571	370.7394067289524	-402.9532352863869	-35.880627007035116	-510.65351429702724	
411.26246738489317	-79.24342774424207	510.19992433813775	350.6427736615492	461.7407299634717	-368.56899708490533	453.53020180027454	485.591931277454	-186.72560416996532	242.0006323761512	
381.58392328263733	-215.65622638643953	-354.62215882566034	481.47293600989167	-206.57117341807918	-64.0374415631727	-189.74112134509198	353.7989224233196	-473.34537922607126	-137.74744235541294	
289.3675677876927	-275.5350096257898	368.008949587305	-416.51689270036354	397.5151676963501	214.00945422883296	450.22880237168	-71.40174980313532	-439.645741299507	-338.25972801308	
-438.84521500061726	273.05878658189056	-48.527998682663736	344.7265416750024	6.286141390647913	-218.75626861751613	-416.2237821614237	460.65074259269534	276.4710365690886	470.33801692168197	
-151.74794496815656	-475.6575216607031	271.4348925245141	-40.14974278059873	-31.466702195808352	295.7661196052579	-484.6760096034599	198.34191828785356	-398.9333520238858	423.9061213829053	
-475.6132340193322	500.6034310938054	-190.04814706113336	351.3832704372478	-418.67248921004455	-377.6124117353701	-472.1876286037789	-305.25689907816025	-156.2501594401446	-208.0968684518508	
-287.7069889638028	-495.81406327023547	-219.5428025918879	183.58260291230374	-428.00975793934794	-372.9475763383804	-448.8024757321466	-486.83045201150304	-257.199453128223	-434.3554332099543	
397.72666692198686	68.91819095892231	-476.18143341465395	-16.055466978587674	362.82285534388745	411.6676626424603	-284.96585851984446	276.4962517711507	-162.89079022053824	-409.26186045219083	
6.160904640125636	481.1355869067213	33.236205646564486	-496.9973876267048	270.9845923579676	329.3944448168427	-173.86116133765535	-431.88878996054166	-246.36020889017448	-373.7373581187515	
-156.28480090043138	-463.31172369661914	418.21658321840846	491.5684358397085	83.37372769543822	-412.61614467540306	314.0576585326685	439.53477166505854	276.4654330520232	-119.05878964705062	
-289.96462731628515	40.082375484865565	-92.34373521060735	205.9412076955516	-110.0040980988839	74.18502974604496	415.80054848773057	-383.39732138968486	213.4234907232941	484.0336913742485	
-148.1470475426617	119.9530906229952	237.21313842860422	-55.06225712619283	504.8003207795747	-103.15919644579566	-426.75658649498314	113.78066731799572	-31.492314109865333	32.63277196106071	
-357.78614410846166	-427.54364227736085	180.75518735025116	46.03518108140281	495.9524350403673	1.0391886487475404	-445.40769326064594	-359.71427740185953	499.1085402596826	10.486594260778247	
-509.54386454023864	-482.0034917255465	-171.17420986765256	386.43841674343525	509.28777084423996	-15.824336374446318	-95.36372956817263	12.159480247377815	-187.8619155310925	-324.57652922264685	
460.4340717021179	405.87515960810913	306.4796225592695	142.98529561444934	486.97098511902936	60.66957679626057	20.635815372273555	-391.75089002961244	-500.12898013089426	40.75686165120726	
-286.5985735817368	2.3989854511796693	168.6824630459198	-21.70717538901738	-143.93925798924886	-98.72078593212865	-459.02194639585	363.97318531329995	-507.3904637080299	-388.91514232487685	
-386.0268318412385	-387.5409764255491	206.05721852573015	-126.72506953590272	49.56111166017081	455.1856274962445	477.2230433236674	210.1035733911334	-128.93815905006778	77.34387072397783	
497.4470052086033	-359.61797087789824	-176.6535443881395	-155.22443733329982	182.11241237275385	2.521159859209206	-195.66462369334602	216.19525679531728	-213.17964897255996	198.5591286597147	
-212.82888396196046	256.5401174672186	-170.52967949271687	491.75318145550943	97.63949551839335	-426.6412917431536	211.38255126474485	90.40715486667261	-266.34569306541243	-348.02419622872037	
117.94838258012794	-424.08230105131327	405.8298824237994	-16.283164921743946	464.1142784873289	-246.4473441930333	266.34584762295776	478.74003910016324	125.29326980777796	14.224208700395934	
16.454359929098132	189.0076635329741	-50.94561477861026	351.4867478138507	-24.902380013630136	62.630001155557125	-331.8339792843789	-265.82386169300287	363.1876473057665	-370.7633848065866	
-253.73598228815285	-511.48718804196756	-387.84578537214975	-120.83103174837726	-439.4222163993268	268.113991206038	-195.61051970811172	192.1470495279849	70.78006078601754	-234.7953990326821	
-281.7911833519542	109.63969148569345	-416.87400433190896	299.3765719475996	-20.092662850798547	74.46410839313933	303.61723338314675	351.5274112396504	-113.57943152163597	361.1550495165948	
368.96421512660424	-134.8922571145432	348.99480422439103	-260.62304486591256	-255.37321382761502	321.5247497441501	-75.86073008123356	65.10538697282789	323.18946658226366	98.48601441509095	
-289.03324443085853	313.47383408775977	-461.22920692286465	-216.77749741313465	358.83367568159974	508.0727340059983	431.08067424700835	16.904061282138287	236.96225059445214	-425.90475100585684	
345.1204530669404	438.1533780233141	-9.53054361672082	475.0515290481061	399.3714564117661	302.3759320268945	-433.063439406003	140.81976995093862	-219.3629184648637	299.6536230725852	
-298.6671682389418	246.56576027615142	-502.50861838528186	-275.80100926515007	-252.2469319487932	-271.4524993503604	64.54430670871079	60.83448925926518	507.04620882473625	303.02238412293525	
376.45887611306455	-223.3519848285996	-359.00363427652974	70.39596705212432	-283.149780993911	-15.11914939901476	456.2714907330608	-240.6090407966572	76.85955534532809	-398.7712275173693	
87.87762716172517	-235.62679227828704	-314.6722779787541	205.0791216242693	357.34761014105106	-190.95101948026723	-248.90642704443928	346.7686413572537	224.35315645191656	-20.45683004474057	
312.0121912812348	186.72717578228946	-78.1419328628399	320.383378229854	431.82543232290675	-497.62889359475514	423.3275165801833	40.14786418663857	-434.97542487362824	-503.17185471083013	
-70.12516503210043	491.48727712177174	-507.67986382019365	-16.987917632605104	-24.437954877019934	58.901571356799195	148.27871611657554	237.22074939084098	-320.6257616358631	402.04253443283187	
-368.9010255546386	-330.695007003406	382.6599966031697	425.42138041603164	-401.61835530943875	499.54864946454325	-301.9283064191793	-465.772626806479	-496.9013951792258	-8.287948445175402	
-183.75059777477634	487.5096631533205	136.7850213478182	169.2205099801006	-508.32951948646104	-156.76053132757534	-175.7326106174985	-227.77073009975237	358.234741513628	41.7524357748448	
-401.00322366411825	-258.7359817124858	-204.72861734994274	-269.2262482504615	-301.71811285241506	126.32210195033895	-234.26165873707964	344.6492372923266	-302.58865585079513	-335.27457206516135	
-386.5610478900734	312.54526392830064	112.81770212706385	448.6396677023804	117.10300028648817	-434.7610914059062	-410.9331212869838	-195.9825712138056	73.17049620174578	-408.30332919892487	
95.55812799995067	-479.2156507319007	479.07645811673603	361.9362848821007	263.38850966759367	-115.63248922254485	-251.23611426135625	-490.3196657723451	-80.12610284376831	-332.83554642038723	
325.04912230237335	464.04454357913664	508.72577410218946	-1.7308708468942768	132.33050257794218	-48.045289897666464	430.858031643284	-135.2929085451637	-230.0339693132105	-202.84177198858976	
254.24310884932436	505.58821149706034	282.44905315031144	76.58507105438525	94.14911138611455	-227.0412990885265	334.2842270330118	-363.5783948706445	-281.52808883605655	-107.27289139154726	
-163.7934269336776	-31.411747639990608	-190.27329430833862	78.85067691744985	-24.903526974397437	217.35717177936215	442.582679422894	-358.00147808675564	158.62276877262457	-29.388648186918942	
213.61253493171284	151.15710101610114	-92.70745638751572	420.72956992284765	220.18596270559374	-156.8884219398442	-202.79642834903825	411.2841809180371	-24.839265060566902	393.4223455136819	
73.3791887778774	334.65909269402425	-233.77937673059228	224.42262150148815	102.1201801053005	-406.66465520136956	-238.62869831570754	-451.11449244221586	273.3297724290717	-431.0498744658347	
349.2381179147675	54.352872841507974	300.2596555788838	435.3117100761614	427.409745772914	-27.32065129103836	-330.4152599142849	-202.65066308493243	-511.85888829504637	-173.87477350285099	
441.14297457122814	-411.50871707214316	-406.7329580374202	383.3308401510841	-85.92597486038898	-200.80197460958868	254.18542729138971	-289.27697094939765	198.45702180379885	-398.6708729940443	
229.24307853961614	-149.65920140588315	8.882370068996465	171.69411584072634	-152.19641004424	248.72234202220977	180.69622081188993	50.526335806229895	116.68748595691864	202.3698273440126	
-88.07106085666851	357.7280973215031	100.55876582731264	-245.59901986207421	384.1600660750712	-484.43821174823137	-152.81879035634392	434.3081314347912	487.7818560150938	-465.99193236342774	
-54.712532284179815	-470.72423977773366	-115.69722112213708	-390.72335127285106	-238.90734697219244	476.25618501723227	-64.52069049735263	-139.06144947845894	-282.76010538394473	-406.02880156259596	
71.18088607441666	486.8512107557733	471.1918700137318	230.19408666729726	379.97776187540774	-401.53197047696256	346.7763021900839	-383.9289013787313	-331.50498745363984	17.264403786861408	
389.7562137485032	495.8664055039915	-304.4011199204586	-347.1299297489627	196.92809497852352	-492.64379915217984	-301.52790950938595	-149.9248874098143	301.3514011016871	387.160361401728	
150.59588427624374	317.17269307809715	-284.11790899932265	-465.4205069768255	-17.41628007557074	383.1160174441777	-295.7786536613239	418.0042412721772	245.71059114335526	5.70116521858472	
-221.8031447128231	43.68228604325407	-286.152941150836	-371.5612536158705	-434.02958908743983	232.56381085927774	-198.65771923683155	-145.0514077501972	304.3092252614563	130.10269343636412	
-452.7955423574813	-23.39859407251521	-203.0283256211955	-352.7363378678875	-500.30076990362403	-95.26033144330484	-134.35974774272205	-41.42074221500229	-158.77259942725595	-505.8628785178826	
460.68478951632164	-348.08876714650387	-126.94556941584472	450.40202011564054	307.3584305644846	438.60205844717495	170.14143394312248	-113.20561291344347	-372.182965718844	272.9504765186946	
-130.02382718248026	-93.58979815679163	216.60940018047734	355.4134407380434	365.9178343088363	90.88847306551565	474.0112380055284	-381.37721033092157	502.15482526732944	214.71712591286007	
193.77044435428616	-503.7891388471305	-486.0717229323947	-47.14594137166466	-443.5060418118041	-295.4375127251707	-106.80321273009281	396.7377622290944	174.0384116988264	198.95436226740185	
-188.591581072969	-161.16121231160798	70.8677453496947	362.103983496812	65.5068746641573	23.700017035068072	-7.590395005418998	6.930386836507751	-52.273322584137645	-337.0725042758356	
28.98101711536026	-384.6716580030173	22.12998870208571	-146.17251397374315	318.8604722527888	80.97519929951841	-250.79585619205034	55.33736236191703	-329.4410554511144	-268.3737612217145	
63.17328851889931	439.56908703145666	323.28723819834806	58.00941842069278	235.98193549193616	463.6732420743382	44.029245374564994	-7.695143093523313	-433.8198477646133	-236.15960179326083	
-61.48633002811425	427.2865710418731	-137.81825114925812	489.08355724813805	-270.2737357548481	451.51606859452716	382.57651435741286	426.99133332840745	-499.5750600935161	-7.492425361228413	
242.35613972026306	-238.09381868034654	3.4070746326578956	287.53305052679	-385.93860954063956	333.9653536058195	30.036664849359795	-227.29596420787294	140.9740866988567	101.1445209267564	
349.76295963318626	181.1529241838474	-222.4381509272385	420.8647485148531	-505.94238920187667	398.5420207410225	-276.56144507436824	-364.1367066263931	250.3602882750555	-2.247349113395842	
174.12431036444798	-210.11300547571648	73.25422006668623	-246.5507157851261	494.88157748939557	-487.6558602409469	-102.80612214673243	-326.72455442304397	27.862667805724982	27.346930008331128	
-219.32355177489097	-89.28212052058183	-92.26664895009606	77.5906691504897	-100.21316398625686	207.17526679718878	227.83475418553382	-184.75017618485242	338.55249638266184	-62.51528341370653	
334.81125155240454	-509.47702493129515	309.5202551223075	-124.90351317539057	-31.531978355641684	76.62967182146895	52.41173550978567	496.2422432856928	187.4248321663166	-216.04857454198344	
-459.37354461396853	466.81623082607643	184.90538543604634	253.6183705889988	10.744300135672574	395.28177748196003	-337.25699341514905	81.16936344419742	161.0292483471859	-263.2733052185878	
360.39279469120095	331.9596680019463	21.255451471952824	277.2216733135559	-358.58032963498874	-107.24506073859567	137.9650620343475	-294.115183288793	90.57910641405795	-47.56643713288747	
-175.4758599578002	246.52281162754457	133.22319362844394	-130.0784341663193	-470.9317911576842	353.40657284827864	-345.65018163543897	-495.5946341443458	-101.37635316863407	-24.35648691135964	
-190.83310091775945	-77.4930026441292	-330.64587019656403	-359.2667038458733	234.5652446794943	168.4649032193172	-506.9868538548227	-144.7634447584307	460.3855852049087	-19.558996458017702	
-218.715928373304	-414.9526883145199	-427.1752567620074	130.86986986778174	15.758945717153779	-36.459554879610494	19.7549722763531	-273.718887028294	282.84482437470945	-60.13561470245372	
-441.872230826113	-206.7408895042696	-352.10629390473815	23.8671485410556	-19.000282013233743	20.156680215053143	-181.6727113453482	170.580059152687	-460.9470709105997	412.8498734559945	
96.47253966280289	-317.1609701955533	109.78626292580964	-212.78910501724516	-109.7630104769832	-21.502530393599272	-468.1739076154214	301.0845035676913	-404.3658230036167	-279.2231247974496	
-367.95345859387214	-215.61941598064385	-486.479183349491	135.61386575627012	-98.60115141387064	125.44088532374712	-283.27372377971824	-53.608375518024786	-211.47117445547985	367.1036450230217	
420.0429478861107	-489.80675107895433	-306.5919606535357	470.8718511625641	-414.69685309855777	13.682285791056984	-168.67860493266744	69.29419958924836	-392.00612246472247	-236.09774774974835	
142.6378293013296	-374.91171452485275	462.55446871805134	447.6918579606179	276.84564375087564	19.674839523922174	505.66621533208706	-209.9629000615975	-320.6447802384705	-192.34917348725412	
-84.52613666438612	398.5241853393343	-135.4356774146275	36.30624407151254	-404.2194856888282	69.11826981785964	-253.35993453590117	-371.41526319449775	67.82560246767082	151.7737748262591	
-475.5988733897865	117.90383965965532	-281.7049396727018	-477.1190344275449	77.58081085813092	-78.01685848702289	460.718257201464	311.2709439195486	313.61785142315523	-176.71873096432637	
248.38305673313278	439.43818240673374	187.95701377256285	228.81341110953065	-496.65617691015615	55.794672411415945	-69.35504716401323	-460.9893003723471	-488.9892060244169	470.1439007671456	
-456.2204243146929	286.89125520408084	106.19087456557611	196.15561038974306	-169.8880737721018	-292.86039156742856	37.300458657625995	58.43388554693945	371.81011991628736	-341.26235311530354	
-0.2096329792778988	-376.19865159166227	437.07323998380525	478.5540503982727	362.6110574968516	-302.32887005526834	-54.06973834094367	136.78345688724607	-329.1972608074753	-427.15349842846234	
65.1762929224708	421.3281924187154	288.02134700789884	-478.2263118234603	357.98200538106596	476.1363300888796	-276.995210618463	-316.8200350807026	100.26712247973308	330.1499446045748	
-275.35217486690436	-333.84823909345613	-411.5495825297012	-141.1249733869601	-376.51501423463037	-224.94860356789428	-170.31973504581146	24.662570033904785	139.982064367617	92.23186143775104	
-441.89030467083103	151.58569144928276	-179.89406414205274	18.289704248785142	358.2086546414582	-190.6879334647864	490.18031303042903	-152.4049591430192	-420.4965621940731	342.60535871599154	
265.0422866585034	-403.94458088819033	479.49975737190084	109.04014835405485	237.9894841665107	81.50671816342378	147.88061163972748	330.1869639206633	-112.0470441550803	356.7797667429138	
363.3740158265023	211.912811804086	-194.2572440125674	46.365299367678745	323.9580264315406	-224.44868483721524	-227.90379816410035	-302.3076407266526	-491.68831218335913	374.5241679367608	
321.6086365677477	123.34724591967642	-162.36946919486206	496.54030425592475	-256.55400137422396	145.09012988295126	216.1041015488546	-474.2345270230006	-341.97307750323984	-431.724612266743	
-93.500021449403	-349.6633513467649	-178.38155574718098	-73.75025772789007	480.4156605844578	497.299169132051	431.01522889841635	458.4884689093967	87.84407832928434	83.4646966771362	
-176.83318637822066	-329.3641981350578	333.7523862348711	182.82772170395754	-150.22036515195754	-89.76125570831493	-8.603725181968798	34.03736590100743	-129.44626698261965	276.80736713582473	
-81.91678422664523	-428.00266811913013	102.81305300117742	-50.10474327531921	-408.9424004332467	328.96395297614276	-299.14082912912045	-26.825239785981978	-486.8897061013004	319.5259376623733	
474.4149817923868	228.98004759955256	313.41167755694516	-43.416519211235936	39.032775470020624	-120.49048185402938	-264.0659128875743	-222.10408996233656	159.3160889584815	408.81474000903654	
129.66417072278148	254.93889288614832	349.2492160647746	10.85935439702007	381.6096727742031	-253.29927270131805	78.84144480484849	422.3045260597386	-337.62265100410235	360.6564942886216	
-190.325025782188	-365.72923382041745	-301.1599141493498	458.48584405845304	441.795648176835	375.1374321146209	-253.8787545597085	-444.85439436099915	427.70549337624993	-223.5285150668612	
242.80289981751423	-342.3264209852474	256.00389983515197	58.42573345287849	-219.08778438853062	-105.41662903574547	215.48088198946937	-201.58470878605164	81.85620674231757	-506.08853178698826	
137.1921518680806	346.5669119375739	335.0603500843306	-303.10038259653186	406.2390247959378	-354.65878398490975	-459.38000229724094	-345.065413798403	-212.35965027027152	-197.14795810321738	
410.7963240036528	427.72621175053075	-202.18532892091508	199.74990129891034	-301.3209295417609	431.78113701643474	186.79193364683692	-491.9020463977044	501.7993383941596	-343.97357045691484	
-307.65700371619675	-464.5509725666831	-190.09654209214932	-232.0487390137875	331.75363884922047	-283.66833831479494	321.49677519375064	293.8683775831315	190.9763201227779	-505.42944255182874	
40.13272528858022	312.84923581868213	104.36878423216967	-181.69656926175026	-226.24309175282406	95.55802373054485	-451.8274690821731	437.21172866904556	-191.2799846820975	-210.4016146620536	
-385.7020863988111	50.35633282289882	-282.65415137435866	326.09633979347836	361.8637697324084	120.10253402265403	-333.81812326519116	-376.93096560592323	-54.709647417346446	-450.0703019065156	
354.26944913216687	131.6753567844621	33.56411458907576	-382.54820112406225	-449.04981010573823	-488.29097089256607	257.58000419273617	-63.27657851108131	442.8716588578893	-334.3219271830284	
476.22473448665244	15.874191740080619	-177.027752265056	101.51675700600686	-245.91055842545427	325.30074774068135	-230.68978729005062	497.3971424843272	-329.6049980132433	469.0506329328034	
474.654795105051	371.2466511567226	-25.12447818944395	-402.34312887713446	405.7808342764565	270.4370517154331	-465.0014400014172	269.52430995716475	313.3985649484649	122.68672412990259	
71.00011438168633	-485.96938603839664	493.61093603444294	316.51459262005744	385.78235134909835	-333.21507624896077	211.71903049467483	-188.4017087974716	470.75992275256283	449.9865127077147	
120.09397240046405	174.12273103730797	-431.7522179277254	-468.45701415363874	454.6996451867435	440.6575429686509	-83.04147228425751	217.54473565072453	239.68568115391372	275.27233831252136	
-168.3777367152254	221.84713357978194	-138.72623032684703	353.4888295067925	-246.3455443302846	-477.1138465438543	397.9330257452275	-462.7230361423933	-492.82036052741194	262.4462147963311	
-503.41902929185375	346.6295068212746	-70.43110411017341	477.90976556780106	249.25711212876502	427.29532581255023	235.96867031126078	-203.45086794643584	-273.60564377502067	128.0163220364808	
85.08669466222125	183.67011615678302	-114.53870340442398	-458.9036008926966	-294.2427112160235	-297.11599278081167	80.36453234142698	96.33292129294728	-91.46601642808503	73.47183406132581	
385.5850798928245	304.2619383025865	-484.2479152679328	-197.2902139573061	393.57657979391956	165.30854066567565	364.1663060953581	-213.85148880772363	115.47566721420344	-249.20873884477675	
232.40098812635995	-162.81793536964096	-94.33396047731526	-111.19233015395253	489.0506683860889	-162.19631353021708	-47.8025231515885	-202.17683160374344	-55.66189423242139	-9.774177046649413	
459.4900533801191	306.30046689580684	56.77527931857344	-234.95911700214896	174.1512407897601	-425.06009049115494	-418.720879844985	33.81714457410112	-262.9004494005066	0.05381289976435255	
247.67023037411877	151.46019877434708	-365.47640252455506	301.267833713928	103.42589173198508	-502.67347612069665	-399.49098528464344	-405.8670398696016	-164.02677657856788	-186.0512278816476	
-92.56176693613622	240.33975027981694	452.68895525921084	495.3259238460846	-381.4906976341724	-485.9467109242476	5.123482646552816	141.04253827106527	-39.07027705733367	484.43388888785444	
297.7863152443806	-240.98808113833655	335.52031543617613	-389.32746809316427	468.11753947781676	187.3865145107702	-97.38875578992327	-390.14596552439866	-414.97266973569805	-361.85247992614245	
174.22894462027318	300.66269572399995	-507.38917293530943	143.07099212835215	-136.34295594986332	-510.634021186154	461.3401292176163	-444.8254319019481	-213.4911199331708	16.652126999879556	
456.19817102256457	362.37098693303267	-220.52905092543176	-208.24506816360656	0.8512197714459262	235.8995725699225	301.86817212557753	383.87712586308317	192.05712062428586	-239.8336962310226	
-56.8380088994964	-125.78112508190043	273.07593783242487	100.90490623535402	-430.5794795171363	105.93311718941584	112.88758062577563	-313.93041042171996	417.69806096152786	431.06255247372303	
143.52808580578676	285.5879662988124	-47.87328414018111	-282.0347174288225	-483.1686703248565	205.03960091792692	-305.64108265456946	-436.0928625733365	-51.69214183234743	230.48037078243146	
-455.19805420546237	-275.611713343935	298.80519799234537	-501.99285569236844	401.85956134138564	-322.61986265288834	312.9759981511594	-201.749961102663	323.1354725228231	468.9753906453602	
373.4310863057718	190.7909991575234	459.26497594636464	-82.99920215494438	170.77330693740942	-422.4622112713373	491.71828014976086	64.9059843093645	429.4969722080632	77.331167323425	
494.5674927376525	271.72533373740555	313.9937921393548	496.53150702826747	-65.17473227581962	267.11246193110867	-212.36796743606902	201.01673617286826	295.54762490044936	-269.6327173155968	
-368.9297050423271	32.929653989657254	-151.55220879925048	-264.984732256191	354.62970038869423	87.63585927040504	281.2898803415767	-219.14245190516317	81.6808751748033	-46.303078481143814	
393.82272693873426	424.48658657840895	72.60214306167438	306.2249205289918	-313.5258879336543	245.05917447108038	-110.06512279241628	-146.23606255122064	468.45411124631926	-92.3676791653213	
482.9000488906538	53.844591728487444	-225.6859356334582	272.6014296154226	-296.55297501784605	122.57378085724235	-145.62635705132072	-37.267833616912355	84.4807134651835	222.0597958944378	
189.7636338868616	181.948335953972	-336.1417521848126	372.1273152653216	167.1356995256682	-370.5722589893752	-358.84128322202525	152.6510958895858	349.3624964958145	92.66635497265474	
372.11192805259986	75.93003627870257	261.79360349200954	-509.00155155526494	-187.0777183625666	74.83480272320924	-394.158342861856	-267.3940521853271	-495.4562227765633	239.99224990013306	
421.85256852948	212.31513065381694	386.2491546558764	-10.980852373987773	411.36062694838756	-32.53786475914535	-379.40541213800327	67.78551435588042	245.94597820258593	100.81107712929156	
404.10544332396785	339.87397245649527	-478.00340574596646	-305.0713038391149	-7.29621425603159	227.80739794457088	-45.26939792806303	-217.43941133537703	-224.9387571660298	-152.75909098872194	
-400.1425919229486	415.4107697054807	-236.3073132978422	36.15668544719847	-248.75271229234448	-164.69535852953288	127.70635658930041	441.1620886949826	168.93888557918933	357.01107169329157	
95.69628977891557	-348.72809884531887	307.742939209513	-17.98646335837151	-136.70007880284493	-163.94617279198047	-230.40203519599828	185.25416271900758	391.4515733817349	219.7350447714905	
-476.30011371467174	-502.6734542464174	98.33733896696708	-407.19654471906966	492.262435197375	-382.2362270760362	292.5015606499338	282.79301953259153	392.56893467678685	-242.04170721269162	
-429.5315874471622	508.31612883277205	188.74866817424368	324.8581618337415	-22.37671924028359	307.99922043801394	58.45196570395285	-106.08833787618715	-197.05004481033717	393.7890959852964	
-141.6917444820271	62.778114361032635	-275.4615573191666	-154.8725353135211	-36.26970812374947	282.08714811180505	135.5665653686102	351.74093266342175	-257.72542608292474	70.012558980206	
-46.28469365649795	-317.7393668728694	-503.6150968907748	235.62842832795536	336.7033348280206	342.5727440312812	-140.06938212346165	-68.06333930400535	159.82056010686313	150.70641060328205	
250.5046047023726	27.0941903623592	123.00382047402798	-130.8109812009443	-509.0309340451747	409.7271537763685	507.1293160123788	282.14256260472246	188.22806728818887	248.29569699282445	
-509.20294327108775	426.955263222923	-427.33451188697916	203.26982022561742	-109.04753383574331	-291.8561611533203	213.11627009019776	-50.60959840747154	-72.77285528603284	484.0199417725082	
-40.36386069034876	494.5239780529821	-132.11054163330454	332.99308600892095	-114.2991987018001	370.5709385738437	-336.2309957837	-412.22221730932864	117.80122426182072	-339.44135096740536	
-438.53456289577645	-48.57119492998021	187.70474842265025	-147.56016117740728	-80.43619801948842	-194.99791025082374	-196.07531021294955	-324.7743717585683	-358.5390624320281	-94.26853129776521	
-215.81815177110434	-474.09059074530484	463.75797001826356	119.92330897367606	-393.14821212217043	-60.8162941358741	-28.006654417807113	28.30107044229078	132.57008795515844	-258.78315556246014	
-90.2211222180108	130.28105719075427	459.31536683799106	-454.26037821729767	331.1579986341634	406.62812201823465	261.4060752802326	187.3944133710719	42.23124720046508	-29.872887305394556	
461.9321107670912	-421.28009564518436	-461.21185151627276	96.3104409746129	148.19584283064728	-481.71559934820897	433.8477174099778	11.906734946919869	-107.2403229000376	363.3389071305169	
-162.3580269446818	-468.48178825582227	168.68861048575036	-236.06122531230665	-467.32306066198504	64.09548586396465	-43.46403989044063	99.77767509359205	100.07537790624917	339.0595479792112	
-309.4506534248224	-421.0064710446058	241.44328532622683	82.41903393358552	-502.52851656612086	-481.0615564927401	-460.99077533119726	-413.0511360140354	186.1762472641302	-490.64278072722993	
-147.2388347695525	-446.5667414669438	293.21605044980174	64.58994210828939	98.74944474798065	306.13048886778677	81.15936394006815	-251.69612064138028	-298.3618209985458	125.9920061174538	
90.37078512767948	-270.1321724531447	48.96877475772146	22.759915061822767	-499.3737536279073	-247.1900175303815	-434.54994092546315	-46.12020721634531	-144.33345262741307	138.84553114535402	
204.90867106271264	111.19477188738017	-427.52903897032854	139.72530364247348	408.3216249496106	181.63682774545896	-200.32006067255787	-154.3598578706912	463.60985789668155	262.5982892660967	
-383.7876095583009	376.1175256362684	448.5967261557752	272.35372082243725	-94.29209049025525	229.26830090388694	406.7303636801064	-92.19292453603185	-106.02213951715333	355.880572675949	
473.8313426284494	51.963210368286354	492.17210265964457	491.21673015110116	-437.7406448087058	44.86601212509129	464.858527382322	-111.55378216387379	-198.50708222174956	2.3061451682392544	
-384.3259844753064	461.44264508925664	334.18558610404955	200.38241819076802	238.63207591564117	-411.81081555358946	344.3000704139191	-225.0006155250921	-277.42791640683527	507.2682667066856	
496.92897533836594	-168.3982856719673	-442.4006183890933	-252.13478124004297	-333.11436877458823	268.8824305051862	407.70175137934496	371.3850375426965	258.09381923766387	432.8571434242757	
-338.9691667528755	173.17228566894107	211.21721858695503	-475.42922993270804	429.6096131629671	43.93167998639751	44.85237405537873	-249.20421360603063	-196.5313897553052	119.27446379391472	
-279.041510065215	-456.6073289569166	-348.5771631529892	-108.63850912616573	207.01741184969603	458.5332383055717	214.88093896919634	-228.1213616228432	-239.2949832886746	473.7372198461268	
16.224782531325104	-433.43664465842136	-236.38791769378963	-370.360793059555	-90.58559848777782	-143.79634785165143	-82.22195129642341	-216.40928094409531	-193.44196391175086	-427.5485759774847	
-240.5039734252244	287.6064978771366	88.24048103121368	304.93177631242656	-250.99010526890584	-28.211187858272353	245.4259598862801	399.98841672443325	-336.6438100305094	-392.7942374579825	
-414.2576971171105	194.98242859598406	100.70481813267622	-17.738202535788673	-237.08627057618435	-467.64273960309515	46.12076894783888	-353.1219153995144	-245.96217577028847	395.69802336790224	
-222.29165678475113	-39.69973781237695	-410.69994289570894	161.7459711734533	482.6051126931793	-207.93189112668216	-391.4146524873982	396.78156827088117	161.26933605264935	141.61868883955833	
-420.7192375366626	-314.0395193274541	288.94817477743163	-90.85023471345278	164.3678467496145	477.07602195260006	-58.87212987304525	495.7439441148746	255.6750013601387	-36.169432131434746	
-265.8521144665399	499.347162466402	319.9016085785237	171.02532458899032	234.01283623702773	-182.99346105939276	-304.26428259335523	-275.876563344527	-380.2457993251784	-303.1972126709345	
-361.93413244837046	-409.5931662235762	-303.51733460170755	373.16148555741154	-286.0652300845488	365.4297879146143	446.5285092920825	509.69540997208287	99.49911290545435	184.67485644892588	
415.7929336098125	-74.58365662155956	245.8445226763779	375.2375283429533	-426.372201467992	16.060264667980277	183.05849478948141	-266.9944037130988	-416.77579040925787	247.39392724643778	
-32.513492096618904	-112.84230191485318	376.6221742474406	-0.2865586716603161	458.58801479855117	145.88271184712232	-501.9458798452941	146.30675917971303	-42.73165247174177	323.01734021882805	
-414.59536964946733	-3.5667969441687433	235.99208885389112	-148.18598932704242	165.10665133670364	-443.6293771013817	302.38023977967896	-332.7153055593734	55.80115548690151	471.30033945715616	
-147.63988607621394	88.51843650486978	384.56301817246117	-412.76512613101244	267.2718197487487	-477.95914888739077	322.4403517752994	114.85008078580404	-94.36150294418144	454.6739586915412	
-270.53299308433986	33.95646019113201	-401.41926001064115	449.4632708824995	-508.80935339157617	145.43762923397026	252.09589254084437	254.06531512917445	200.1086881421685	202.79525371724276	
-180.36624301130342	215.5357862198315	20.22395975975644	116.97011445446253	-205.42185620964648	-86.27765259762941	462.2202810502554	-44.142056018391145	-491.60812465134376	-425.55012729606653	
401.51447843785525	-346.0932981116464	390.2986223937738	82.38810049050585	383.6674042967885	179.3678123145753	314.4600535015977	28.912164637264596	-322.66919960058704	331.179958235021	
48.66040758375925	363.4068540672163	81.06944032479169	90.0877530538097	-193.46680189409415	-259.6770505336088	177.0305627010897	126.43995111618358	-280.6439785581472	-108.12809437785575	
449.5327439487155	303.1740650162882	-329.60104143325896	156.54065369384568	230.215564677281	-274.2257898635942	145.74136886505187	175.62286846952816	128.43009440921082	380.48788471821035	
-277.63109598950336	375.69692519010914	-441.94361160532867	322.80541511082015	296.2291784187503	-377.5677332369297	479.9101445295887	294.1422342009507	-391.2412152930439	509.2773474547903	
403.34505108486564	427.8192907973046	-64.80103342816432	121.47156405691499	-277.42977192396313	150.81141013331865	-372.2107912564873	-241.56749493459841	-8.41593981539819	482.3251303057739	
-56.331170938636774	267.896110276361	-438.52351525373706	-60.919366305371796	-472.9721753354134	-274.76560224691286	-161.82922103991035	-221.79891646565812	393.7254949928987	202.1390293089795	
-169.53548092829965	294.8628022380075	-499.7560783263143	207.34285374620606	384.4854504791475	103.32691481694133	-294.54103885750277	325.253951286679	-115.59553118343786	420.65998022652343	
-320.7032256084941	-467.70309828859433	-171.55849410424236	101.3560688763447	-506.10273445714273	-63.6036397547615	159.86378300026365	-219.8030493759784	-212.5714248299762	490.39600345724	
-97.19296927515956	394.02992457188236	-490.8121526073371	48.28322495158693	-375.64819383712745	215.70404502633903	-146.916665690417	-348.1142515013978	127.3554739138516	-126.81388635447917	
65.02179170021634	-452.77886671995554	435.07906503707864	275.8766575561716	70.12262928864811	-510.08672912160995	167.6547096692634	-369.63634561744755	-60.95372996927364	-304.9574859135796	
-329.0845771561626	396.28895806306934	192.05925560963829	123.46664635719844	-500.9473640701947	-465.3431692558351	490.762337048021	-509.96029797739965	429.9805842648634	-21.211255286737753	
126.6802472601953	383.26381237938256	198.16825938370232	346.22062024175	400.15320367144966	464.73707710575434	162.05019405390965	408.151218278824	-438.8202827402697	308.30521557267537	
-497.0534347490539	-43.42048273116211	468.0396968440531	-142.90930850267796	292.7116449613576	-343.9812217282991	-181.32664023414372	505.55538620223206	-41.91411455242638	223.6425780263454	
323.9088117929891	451.4554400011941	-388.04720017566666	182.90417353742362	149.71501085693978	198.96820073818674	-253.60359365953235	205.07667857396336	-167.2886573063791	169.4096821626032	
-372.3826757100425	-68.21550382683478	355.1869646484487	141.82081092122166	-281.60163035117	-69.55959181966165	-166.1251593942676	448.27690753856234	212.91034569418946	-111.43685440752114	
409.68461716403647	454.0707184733118	462.2184933716818	234.2312068823362	170.52795319077143	67.93472549661828	-62.1120864725014	-462.5724816305817	286.2668983387804	70.20114914284864	
-160.4067041294091	-227.25246319530464	383.68220452998924	-346.7496328502707	385.61377121733653	-124.12086852254532	370.1935295140921	-376.2303603178821	-376.46209665941336	-189.5808998866164	
-505.132722825681	392.2332932837338	-312.5826661344398	150.9640946167176	36.019903692596586	-379.3756716627919	461.98889422541515	-3.993068736310761	-259.5339242177628	202.7441187510541	
-358.56390034114537	308.9810889396663	402.1711213388545	330.50311397247503	452.47981416370396	317.82583525833877	-60.25466277936442	43.350058467958775	-115.62363327552941	-76.30600194762081	
141.8659866161654	-147.51965028564854	-430.3420773558674	130.8917693930099	239.3282722774361	-439.3332771335118	-99.8243110581837	-31.173140728186354	83.0121081261899	364.47604568802626	
167.20078209034546	-273.35385522182276	335.60495050736745	395.2758505609081	238.00070620195402	-265.6316961179433	-150.55673272701142	86.7923000853923	169.44125817564782	-58.34034726339894	
130.32689049380315	-80.94088142050566	-317.2359201186467	-144.03728008089035	-281.37993125482654	-104.60813545971013	375.75967166126975	-350.53226281766547	-245.61834911053484	375.537747494564	
-300.90618920941006	176.4157559219251	-356.3349866280651	-442.61635310917114	498.5514190340866	442.4403714341646	242.49352628752627	339.55763783852603	104.43890664460127	-171.90868466214687	
-80.64687782420066	-263.069858853799	-268.67120538436245	445.3382072157557	259.3468673705896	117.4102048335584	-150.2553008189804	19.727469471615905	43.42906132928431	-422.4586028108348	
508.26584208857685	377.95741130793374	-121.62256420781904	-231.77175614034235	-349.1184735509547	36.94847677568998	-258.6278973692115	382.4705581413373	50.244396466599824	228.01589022672704	
164.22854951849354	396.2473214322541	400.7604996022982	-272.49942734852414	240.47969390217725	-427.32433823614775	-439.7898631679619	-66.81720081431575	-158.38245658582014	182.27183356554394	
-268.18047143991316	-508.0115644527927	42.891012033118045	277.56277193024744	-193.60260224315203	335.9040280941425	-203.8908897486678	407.4361729391227	-415.6861024836679	309.6401688266925	
162.92163130599147	-233.52497778502277	168.7309880853894	-92.57417238199571	-189.95868630651506	150.10053546320967	40.59409972200342	446.3776813290084	290.82984893454534	-21.35747669475137	
65.46386407999421	384.16881836000107	-186.39944357814636	-487.52877922963165	-46.69457168720976	70.22006981297454	336.886661729779	-220.94186451349577	-113.14084286813187	-66.6448211926458	
-227.20866693463734	-223.71465405184938	-423.80780733130916	-320.2025726354482	-440.6303461856967	433.4936539462144	-158.52483324193724	-221.45928605421358	-247.20274310583477	395.6498651502902	
-361.0594231052291	-9.497982148134156	57.852339603967835	-213.3785537439777	491.36202487955256	344.4547602486191	-95.02097012261646	151.87454763283654	-252.75640320054003	-74.44530979930397	
185.91006801378023	-13.043582479504039	-198.77177710576905	64.29966704962976	381.50580695505244	-179.1109873546626	268.0217222649436	-154.98648931515157	-501.88678344109263	-360.91707665438634	
196.38627918565953	18.412954825337692	414.3657841858185	-132.41654914236477	-160.51718806538184	10.501961090119494	273.9292310024738	-169.61822711672772	506.03541083779476	437.9436541151309	
143.2523168034421	236.16294020378143	338.4549652218868	-115.8156864323795	123.9042773306702	-483.7780807608831	97.19026616014878	-85.05420396814486	-174.42858029051348	354.3552221038975	
-319.82425198333556	24.265308998791397	106.24579493884562	-7.668195804732704	-205.6856788778225	232.0410687615223	-498.432913991711	-228.93813118867655	139.47174008134766	411.04142194428573	
-158.32315261785362	-435.1848549161604	-219.53384973443224	-479.44673198271744	397.31002458744695	102.79253254116304	-218.98861966985163	-476.7186198429238	474.18359768409425	-318.9738463713279	
46.51756391236074	-322.23352799506836	397.04653436184003	12.97206231063933	314.0654009710257	-236.53722796273155	-246.97321830916718	51.268692579223966	3.752073761737279	10.709698438147143	
-298.8469829008477	-244.0392949385011	493.95801725271315	-488.8572622474376	-427.86154688916986	444.0347029415366	268.9021527792635	479.62011897765933	305.69261016464895	360.37675778796006	
-309.8575450447121	420.4893868532522	-499.2250424308514	495.2462323255145	-343.5659055410965	318.98733710839997	-436.6801854215718	173.06172717962386	-331.41529354854424	-500.2480847601314	
222.04735596246212	380.71625239647915	105.63889925187902	-447.1690198664542	-175.97063655735957	-75.22182094915831	52.88878497729445	215.1962701048443	131.70021633421254	341.79315235216404	
-210.16210584259068	-76.38614022465151	144.99544241215528	113.47927461575307	-447.652715901752	392.7840079627165	318.2600631535796	378.90328086509817	-77.23843337698207	-36.05661348752466	
-259.5029424285221	331.74085423349675	-44.1493126861763	-144.37827969562386	-357.5754976970693	-362.5429896987676	-117.08964314083795	-344.03689657539024	132.67597489109653	190.6950275730885	
-83.66074234738329	403.95791741743153	-259.68701708616857	381.3327794961408	-478.5440874182975	-310.9127847773673	380.62336961354015	-297.4442121650054	-434.76926883525954	-355.7445614949073	
133.9505420998745	221.9038953027473	153.9911920556018	19.479787686539453	481.0408246821006	308.57599769803005	424.0077280046694	-133.38392714684255	-306.8946053588628	-507.67668099174625	
84.18856731860728	-378.5682095547764	-354.5277032550312	-188.9741088466381	-342.101567244836	229.58510194614166	488.35162982714087	-237.46912515326068	200.17397047082738	-423.4624864966525	
-56.14721206699079	298.5328885889385	478.33390128337396	101.11298844015289	100.97802233005837	436.19803810761175	-364.82416905407155	-373.6767210747156	484.87004468810903	328.87240434754153	
399.6158582794942	-282.7984515817024	-368.88600172133386	-396.4252218238989	-409.24244450935146	52.73053448325561	295.3851819011479	177.04969564593705	127.97857904933085	-79.48793088351562	
-340.8059850710591	464.9538502862389	-82.30793751190794	-476.3943209661466	-327.09153020485724	108.26248543192412	414.9780413581377	-72.0374972470758	-362.36867349570105	343.2167445544743	
-96.7131444165351	256.09906466143866	270.87637236121157	-487.91579772572516	497.89257351843344	-506.9086870216478	77.32218880889218	-83.32333679146217	-375.2817221792401	393.6254262673333	
340.22580801487277	-125.04219385737332	-270.4318688344515	-191.28491828556133	-11.648258045001342	-27.81692243281526	-493.31625625124644	-217.21183922253618	220.51180512170606	501.8397916481673	
163.89181153615232	-202.84253948064344	-318.9774143018005	292.2027402590694	69.43023247346048	-442.580331462345	-329.4352406598439	-317.4155938003285	-65.17243151459866	36.07664284547252	
-147.92293431499195	200.3421996627394	16.96777051790923	-278.3597370893834	-425.56690804474937	-67.59190614735326	258.6972873632661	225.66875077952534	412.7345213869029	-477.47381861424293	
278.0266371610786	202.5879444852028	354.10785913848963	-176.47659799796787	41.14100768096557	-112.22552730891499	-298.0855240842873	-0.20249885760188135	385.0666019099432	-153.7787665877135	
-93.725262167572	192.78302480533046	406.93999384608696	-32.8336622422878	98.76685843348184	283.4523479337994	430.3970715933991	361.34768402141856	274.0903116704586	-430.0769700619803	
-216.36396206570709	192.04386470733698	-293.6195243679744	404.9766095119529	-411.7835661338103	-33.21990007209888	-215.27204694272842	-38.25429371213795	322.63064142258224	-417.4858387051206	
161.29060195892998	155.99758970166022	-161.8703043520245	-396.7268881058318	-187.80996572810085	394.3315746163123	-360.802151428849	-432.41510064607377	-500.84285865453217	-401.78366013284784	
252.4521926154224	-184.35774901574166	338.6320609746349	-139.87954236437582	419.5940658791185	219.94756968407694	-380.2660366548512	-50.96506876834286	201.35896369881198	425.2178820194605	
-336.8048210321888	-140.5484445071154	112.19867841088012	-189.42220320216165	-160.99906496413178	275.34417234854686	418.68749810354905	23.536427129732942	-458.9070094208001	50.902125853761845	
-99.63121020358659	-43.06951178536633	445.0796098257389	5.685923127634965	333.9530600889309	-265.07879370074625	-99.55119622556668	217.51493561357222	-222.55789750521808	480.25688033773156	
-489.6964618863353	135.75547160553356	-461.1152665246402	-416.6448963356696	276.1293646963667	-494.2458327301681	-3.9289254244333733	56.32104980917484	226.56444295666256	349.95843736334996	
259.5412005637604	-416.20236201382374	-219.42882612805187	-505.22057893023054	-247.177775209466	-437.45693329232716	251.80530953637776	-232.51296484072304	-223.18544250079015	-480.1514377846007	
-36.654311691330236	-504.62184092391146	-430.27587384670244	165.34609171649834	283.28151724763893	70.13082578848264	-155.11919271271148	-190.5895742462257	-178.04090948575464	354.6458435453127	
-231.80238318819096	-299.7649719228395	-235.03903588377375	-205.21344854240465	55.90570597041062	-22.24744792626592	103.13311721018908	-460.745861372164	-37.44807150774557	359.88387039506983	
65.18448767341101	-480.61808408185544	-356.93551115651417	-302.8715234179897	-492.43719592234834	422.8966335764976	-359.01980729830314	41.25895714993692	-88.54246038361765	75.67832585317558	
-266.31580967411065	446.84957939978517	448.8973725381494	-374.7478102952365	157.73806307776272	315.5558558668072	-162.00575692259036	-292.8327825188649	366.0668938204931	-34.53309540782385	
330.4401835050377	391.5555140982734	-491.0611087931199	-208.52317896756682	-78.61511108387248	438.02499249318885	138.30278523755908	-456.53629002918206	-199.18590156247507	3.615100430550683	
164.1492476529728	209.12657657871875	-112.49197727637551	415.84122539778787	475.1314303556304	471.6110819898404	371.58814976724545	-277.13194395474807	354.7181416767361	-338.4467208234447	
-324.44172196200833	396.58529596169365	386.6599591486213	-25.111061177369493	-159.3884057388496	89.81200900936346	-167.4761695273295	-230.28750199683543	-176.18923552746378	-399.9742036784252	
-438.5032779318205	286.62455034719505	358.5516401098746	-98.0964695416659	218.57135036762247	-326.6187879567943	274.49355497545776	408.56811797953515	271.6089565935855	-238.7486064461359	
242.88076124451777	56.76333453505083	-246.3749352289609	83.29930235539473	-480.11110962640754	-304.7754088774771	-155.03690236424467	-371.15982515265983	233.30974485406193	404.2777750850282	
-90.19101215456726	-24.43413189151704	359.5345463337525	64.1823909303746	499.7564759001025	-106.69520035288605	-103.58745433281541	-510.0633653583209	-365.1407679591315	478.0677294891856	
150.14632388174357	-135.81633284616885	163.79869480734624	74.93517411185644	39.939222543741266	166.49711358318132	314.461666205562	64.4674234200728	-49.367280106555086	-138.31675879967116	
-231.64853181326117	293.6597642087472	-367.9373730233575	-245.186388968223	-218.14136300995688	209.02807805584723	-297.67702502170005	267.4981517041863	358.48558281605654	491.18959116085875	
-494.444522719233	-44.57654309883088	-5.341847243325276	-8.69756611369894	36.2794255965523	-82.58572151016506	445.7634250353475	-62.05341912838645	-192.3565347961943	358.2282247725732	
58.52940557781392	338.4634050363202	-157.68449735248868	455.9649280382861	192.8056821551727	449.42835032246603	-104.96926852013877	10.360442017609898	-270.7820533069777	-25.196406591837558	
473.0902042849109	214.34576432970096	-161.94910583340248	-398.5883602979673	422.34371529206453	45.07586800661693	-93.93579953998739	185.6810196833328	91.40039281858867	-442.8184601819442	
484.76644360783644	386.1470753964003	466.98958459198707	-392.73933860579	184.959005644993	-46.0617219632058	-224.45830989505708	-168.3909514795135	289.1195142778747	-441.5526112425497	
180.17500071795803	72.89373689371769	-67.58033670539044	110.57287400719224	287.35945085844025	-209.10881566849037	-202.133431457751	39.321341328122	272.58193493031195	79.55400600757343	
391.2200961937633	-407.81443634330526	376.3606111524638	-241.4728408339484	-248.02985931065035	-92.4440078883004	128.94593207430762	-54.18784573994577	468.7587897001033	-110.5155694017106	
-434.9924209579266	-497.42642650711605	503.20129028993904	-233.6005262773374	-329.4666363159644	-468.9028704180817	-424.9019496380247	267.87192298717093	432.06538378388484	-425.3587966862021	
170.53658161574492	-58.753536688509996	110.2636373838501	441.37701725916236	-349.64183173075605	355.8920763838162	-471.3770466701767	-244.21773525238717	171.90781874066477	139.97916296619303	
23.972531425388183	212.74395018131804	-200.10000332206312	355.0654723289691	306.1598813868967	-239.76678917705146	424.6134557340455	141.3654648127257	-214.93755408799592	119.74342339840985	
-282.52007642273065	-389.6108185960353	-148.22049963386524	442.7277073096973	-500.54971495517077	332.6674432606334	44.536265462810206	430.03722727118554	-311.6898229057973	-348.4711328586394	
-310.5204165968823	-81.15522640436797	-75.62640059864407	150.36167431138085	-368.8399010459768	148.7403758456877	-458.29126334009294	-343.5192202582237	115.08168232184369	-276.3933026716358	
-347.75508949192033	-105.37554422177686	-474.7481421421554	137.52140479760067	201.77189091855632	166.23061016941836	191.19008173687666	-438.70800915898525	66.97551894926175	390.9837713225389	
378.3411293651708	-457.69356155673	487.25346277867254	444.68677352137104	209.30174964077958	375.1777160698863	-221.87535489435504	343.2906224607964	-279.3033420528724	271.1762248581231	
481.58399411159814	-314.0847019643815	-410.0620478279266	-83.32359212722065	-25.239363469455327	-338.088039833787	369.4677223336173	-262.20337755923265	-479.2863105390578	250.45380479149048	
-184.58078983346155	31.082387394822035	307.14393872553126	-84.20245703653484	-137.06494154525512	422.4718208048786	-391.7874591593788	115.23202123553972	-260.3460625564895	120.89201703744482	
325.5403523840823	473.82315893299483	-456.8821179086483	-413.33953316254303	-252.18868134381535	-171.6243342786929	-480.9372948019738	-415.58681589627497	278.2231954458838	409.56245468188763	
-468.26719340253845	480.5445809391309	-324.68295862435536	411.9217940612141	-2.491550415361644	-452.87154965342404	441.47299211542963	131.38975534426027	319.25088169727155	-316.00915260459385	
14.586570874777635	-398.7777147817781	-21.14573039205993	-425.972959836156	456.13311663900174	24.566263485065974	229.5487240242079	-407.0057065324156	459.9916335834182	203.5632446357905	
214.5195211247626	-371.12976576016445	401.03047893225823	-214.28807811501218	-238.5998897783861	180.44428413972844	-110.4407274109227	-397.72260894708086	-339.84424501218757	411.105211804292	
474.31891003617443	339.81521375116665	-488.1963092271149	117.80235168404158	-500.2788853342114	275.37706048586836	501.3129536115621	-451.1079316308434	501.5550738221301	255.68352831891013	
124.89334019755802	-250.96787003148654	78.35480951927991	-386.5152515935923	-170.282134485688	-203.5410012394579	-277.93570384415733	314.4860528894319	-333.0730076702366	-313.12904922107714	
133.55185600826223	440.58904483456536	326.5349302269565	-395.24975726680196	-393.09420504653156	474.7917811590444	451.6001180841855	310.2828918965796	-194.70523133009243	10.90286050989107	
-68.26868888955534	116.0818973140465	441.49539593646887	331.25494187233073	-255.31999307435945	-486.3164874430926	397.97748680960217	419.8516235544978	-494.58309805227543	486.27024651568865	
52.6946153849907	97.85018613057434	412.7067426793783	-386.72439890833226	-142.5472811883884	-263.03154087894643	224.78042088913082	-271.55243225047957	246.9244462205089	425.3098145221343	
88.25728642236811	-210.41382199812574	117.03944557773309	149.22411528037242	-456.0071536638553	-0.46974387204272716	183.61273633942403	-381.8345794842337	-479.98155723648426	-194.955592992216	
-473.3253965058397	95.06847233706276	-84.80092793777351	368.0540049490294	153.0334116869809	371.54642183218004	444.66494694836206	71.19028384776107	100.14230040668235	28.211482669268435	
-287.5310781735116	24.8409521503454	-413.65349840930617	-470.3624562648765	401.2889140347893	-236.14593212789447	237.0640895780889	-467.07944641432954	505.32891144915334	486.7137825498353	
-20.6027278037447	95.44793174977781	348.87634641726584	55.39608992337537	97.08416577814467	-426.63822939890866	-387.75468828511794	-331.77873879053266	138.58323497651293	68.29393488391997	
283.07728393363436	351.8468329518023	1.432772199741862	386.26237758689933	-476.8199246223726	-403.90953024872863	56.84741999787411	-103.85186222563709	247.26520899058926	230.5374600153483	
113.80162899799052	103.92196455116346	-458.90941440387473	-330.12975617230074	316.6069019511011	-1.2431875928194245	-163.36770143620834	-430.4399922400091	-321.7849391350069	473.3492993222858	
-303.00593501099354	-199.01906124128016	-482.82535911273703	-29.821761738821067	-220.18396357650022	-153.85225222662189	485.3298188890618	-304.9473269020199	190.968250503876	167.13509013517103	
-359.0163057366959	72.14425207172019	231.30395274637	-393.1849822511804	57.348181122454434	-281.23926575695543	327.2089979846311	-80.1559569528377	-138.32790148174269	-252.60277545979125	
-129.3881403526264	-126.15327240305714	194.47699936279867	347.10124584698883	144.01588047334508	507.4752463100965	472.8372862359638	413.90500049106004	159.98237265831585	-296.5227231072118	
-506.38320361018964	-187.98477839256424	11.327396873983162	95.07514053016837	-1.9818381893838364	-403.39406879603746	-68.9007075206116	217.8485933693113	85.71438146659261	261.4335325628788	
-137.82377760707283	-423.0775188011565	-511.78589436598406	-485.9133807353618	509.0641720916617	-116.41265865522968	-240.0374832986788	481.4938127159677	-19.81392072614335	13.526865597354117	
-375.0010998521845	297.3444665521944	-105.36887626058274	-129.40892160753708	232.78044506608398	378.3242454006614	405.9810327172187	224.5373275665455	32.038413328829506	446.5374399137818	
-206.5539691905974	-293.63694909107664	172.2583782178756	56.17240142189689	373.128523733792	455.7759289839332	223.57071130369968	-233.6264661362045	432.7859980795341	-498.0142958551412	
155.50031132041875	113.40587088193456	462.9869819323005	-119.63878037475217	-171.84293781425936	276.5420476025189	305.04559408327407	-293.4272883159048	-65.95203424399568	-196.33768143598775	
193.57950529529103	501.6360445576354	73.76249520830959	-173.66085193049605	-181.03448673028225	-167.2109259793204	351.3199144263177	195.17624594548636	381.3640612240895	-408.634857612413	
-431.02559988663944	-3.609759710382775	-88.65005506241965	-102.22041335423563	5.74952132333226	280.0597162358372	433.52216084563224	110.41686869382909	176.9179147109047	-0.8790463820804462	
226.76886351280336	395.59521967247736	-484.9451112104257	-183.93537723246584	421.1362245817213	273.89411449299496	160.1766846533128	-304.62020894455577	-317.5089073028355	-58.04275552817728	
-105.17510615646773	433.10350561098653	-374.6226453067584	403.4292037630024	111.77735462104022	318.3641968884315	445.6444876306598	217.9491752619483	234.35451461145715	-138.4434803925942	
-127.42557360321388	-6.892213481648696	385.04668746340803	-64.24732938383221	237.34906472920613	473.9761248435633	108.41329196106494	-29.858098321714465	-276.2146327695515	114.23612274312177	
-319.1002609114785	373.69529979744937	77.31936998683	-83.91845666143263	143.3803636586532	452.87695371563825	-400.75790733186113	-58.082776629417765	-408.1322353904179	-383.9351404016543	
-403.8177873402973	-45.53880935117036	-473.0701981840203	387.407460557493	322.7899295494608	-28.84979449453158	-302.0757393241576	213.12098124433294	379.50549871927626	-427.2358485686466	
-263.8002404540889	475.732277340867	333.19272855646875	193.91777167593204	-222.08188324872532	40.48975819584746	212.28487788157167	-161.47935577850802	486.1289670445949	57.100876163665816	
133.92465736516533	178.47701634700036	381.1719372817256	-476.8890507371509	222.3836870757167	71.78680697571019	-269.6057111883557	-393.3891011525684	302.8200052761059	63.81786734897378	
420.55466757444924	360.5553227821571	119.17253068353284	157.8457762147466	-426.86703393252526	251.78325420823842	98.70173942781912	-307.9954744865764	-88.91313265728297	-310.13567606101856	
-54.63517355094882	216.55531063616763	-254.6171326398587	279.1421496151356	-134.13974227342993	-505.13579745172444	-134.11308129637877	245.81458649057674	417.79394854896316	349.6817870474167	
452.92479062773157	111.5769931098655	463.0031167058943	-153.76133473842577	-198.98241272413674	46.259463351501836	326.6284415398261	374.31018686699827	-170.0401270593752	-127.98587248694969	
360.04714133971027	-61.23730438318432	-305.459485675142	64.94996772536228	-51.72885753448594	-293.83003035760544	132.80625027494455	502.67524894919507	508.8737941077095	-454.1150024047231	
201.8380967116675	68.98752027889361	245.93852477990902	-141.53305274128314	235.5480464073463	227.94996054545345	-271.0811936261982	124.59582040905093	300.01078228778454	111.81091690909705	
163.66620045359969	1.5606208358775575	326.3207341971969	-112.33991644715616	432.2176429732158	-75.92348345948648	-26.091288421852312	-146.63044563208456	-309.76322040958235	-186.4228831458787	
-53.33384586122713	233.24263548684087	-243.7227685767652	-495.7642004217122	467.1060611380009	410.8855798193158	257.2759400811983	-444.2026097018136	439.1409057059449	110.12913564575149	
-260.10440474933597	-458.1526055886979	-8.123140634846607	400.3572226296383	429.51324960807403	-161.58940492032866	-404.8883063722087	-409.65147892094643	-154.19986464928877	-344.2459037248453	
438.98080545796415	-432.2944599847274	445.9534019780855	-294.02750467963244	309.42121504455747	99.1308531816345	-161.2740221659971	77.35301505376492	-36.18234349187799	135.21705588489908	
-240.54582618084083	111.6588253780726	62.35823827990191	-26.960559026409726	363.3050636789209	64.32681553803923	-222.74126371562528	336.68454736618287	-401.04287815139725	-354.8468707898285	
-84.884716125865	510.90837069292115	74.88743675570277	510.3359205931297	-493.785617779569	445.3984050005547	328.3672581496671	324.7593909195267	350.6677644068767	-16.386741690618294	
-314.8342209852556	45.13634311907708	-266.2544130926269	-88.10926274541788	-0.17251261393238337	-422.9210815195293	-371.2419986242161	382.4519935504504	11.223971052534694	-249.6619395971905	
-105.72128079870032	289.084866367937	-268.1156898419483	25.341479989738673	349.4177088917353	-231.336730818158	-213.61877772597944	158.76897022154367	415.2318022829129	234.25227185730785	
315.7905230762957	422.2305279153891	508.21265971293826	-392.63979470845106	269.9524802673342	36.15887735697606	-161.8891092077116	-177.07060758400348	283.941198720845	-140.20754266505708	
-198.85699095081344	459.90594006461754	419.79654928052196	-461.3912595710889	413.8851844363677	-47.303177288980805	-207.81098095114277	-436.23065508335355	19.88283159791149	-438.4906419226888	
406.2726197942642	365.05972679298634	118.19962598489838	261.47294234219794	-421.4649451302349	134.44565579310938	116.79281218183371	-25.43262209682706	-211.02327707839305	-128.2727936741328	
437.7332018454423	263.72453633089106	-138.5589884019911	-487.1518711990391	73.88904331628885	344.03191670603337	462.3788954700801	-99.78577577936903	200.76199038899324	479.74675690255435	
204.7590720116781	275.88913668717737	344.7022130635106	8.828403307167378	180.23230262918298	176.76948453043883	199.73524481431832	-434.0854485200241	-413.9744532241935	337.79301376764795	
261.7103422944308	260.10327904863493	-447.6247053327878	-408.0952419415309	-379.5769397037908	77.55820390718782	252.61428815395448	-298.10440571497156	80.77870685004564	183.82812775635034	
-371.70231728986846	281.3362356619675	329.94469726598356	-53.134848069380325	-231.00408239400355	-102.34364513382656	336.79079731980596	103.03718052801094	173.59204992563593	477.9651140436397	
-473.2646440030287	209.96029350669198	-96.90088004843983	-408.5266032957439	-398.5964672778358	315.72622536857625	-205.83845675406786	211.36185125685972	-407.73913693753195	439.06756233987255	
-124.4799528249024	345.64082092668923	173.6106798900056	471.18973599592186	341.80487811100625	197.96915796154326	-208.961790344174	-373.59540349874464	62.07584827176447	-72.46139679909368	
-223.45217558085335	68.32376965688877	-123.45011296326146	95.98865708351764	193.27080020659162	62.21324242196192	-470.0515784362989	-69.10550182671102	-237.27740654152484	-207.82793434618446	
-363.1434192301	508.6656148051135	369.15704487925916	-270.9219846327593	-312.5852816144082	507.7081788785664	228.60369723628958	-431.2574638095946	-425.438939543664	76.43726242949344	
211.68079615718636	-89.56513003357549	-15.09073988171184	277.177118849144	-246.7475942399691	-296.12850260436545	233.1808761091154	-285.84110898993026	270.44227072018316	-275.0770874251383	
504.9153575302014	296.714307732528	340.43006569368197	474.6631293903665	359.95351279042984	-292.626997992738	257.83793395248733	-319.01919309058644	-64.06902358282946	-17.102547036763383	
-14.634916698569896	-110.21861631766882	357.72865314762976	189.3361303147525	-240.35177543009763	-226.15898459612418	187.50531929359659	-276.06031030013145	-467.88664806287903	-179.37842477001504	
455.5855852174783	431.26840188111646	322.8413299347725	408.82331522621575	-507.9078490330675	-393.978418853231	-406.80476253160236	271.139449106705	123.79657944372036	-204.9597177918377	
165.151942901177	368.5808304892538	84.21623500413295	299.5740884834853	386.94309249310993	-339.1355972960737	399.50777912676267	384.2618599637831	-395.2566901557086	-403.2998203424966	
-484.80134260199605	131.35258977726392	212.74269474881123	-185.6251712906136	-207.74197571247362	432.48914485648766	-240.98841544232027	503.8085909626586	389.43722913734564	14.891771918719996	
-206.89770143899494	284.26254181101046	269.2074199323117	459.01228955860824	-176.65960629056337	-287.9099349870904	-92.01173009704127	-476.3189899826525	-492.767221427659	-373.6363172831926	
178.69627449322127	489.44074073948343	-480.63501322768946	260.86294198222026	-368.05446985739536	383.1503250650401	325.57266892758	18.783679818768974	330.505541077968	-369.95005301631056	
259.0540514234352	-127.37859774055886	431.86254612504774	154.30663338956253	73.44143233959494	-404.0067266280005	-420.0597971483801	333.6046210336725	-150.33214151198558	135.69306739479225	
18.214634920957792	57.61021864531915	436.75473934539446	91.02322062679218	507.6061635383094	-509.8766558073196	372.4015262633761	-124.58503654444877	473.6461455577936	-8.568806783032983	
481.48529796992375	346.5348316018092	7.502259670171043	-118.20069546514281	19.27181677358749	-332.51942996960923	-295.50025505775915	90.17579594183769	-227.69722217363494	-292.70614514918685	
208.79799368125532	95.04219303866296	285.55616994966624	-309.1401869688304	318.8732709559414	-221.07762313190233	-350.42345582459564	-242.675129466947	-289.58134217271083	9.355813010220004	
-186.15758884859082	-28.55522211477063	130.20046637950668	-140.84290874067784	-336.3253836008598	281.7737330055792	42.30828796820879	-95.48348924586946	-362.5020628888519	47.3231308400492	
351.1017281841242	116.94871911160794	-279.75742596595586	-88.74481786212505	119.9921248162791	127.26724962640594	-184.88316141871775	457.3318191808238	280.0009190777114	-477.3470398625105	
331.8961068305746	-113.78678107931546	-204.19072678912488	330.491833293479	439.2535742173004	-496.70660368581866	-288.2458147036734	208.98567383639215	-234.48950246694983	427.57135694748274	
106.9368635474874	-400.41537375392545	-201.49832315602538	475.0870928239152	-130.7127685091769	302.05510210618206	429.04080244487716	-84.29975374480728	352.07674890950375	59.48034598940319	
118.72655633112856	-228.54269280446488	46.986745175302985	-190.30717397252255	269.5565748746483	174.47994116342238	-454.5741637621588	443.5586118493302	-147.98981337023253	261.21153823024065	
-311.65766225402706	38.17334945834273	451.9241114679795	-70.01577524255856	-177.698876803296	120.38844219344548	-181.38287008588986	369.2102880281866	-491.91503869499917	-229.83785508758797	
486.32048572751773	-310.93579169944	419.5405314485945	-451.9725921274825	-386.96021553441693	-348.6986689631019	-383.18197651896355	-123.51805997109085	309.51250878681185	-404.1413436691453	
-246.44926243010076	-250.6599684523157	-185.06803374316047	498.10042835001207	22.887121371276294	-353.9627140999072	436.58431009468165	-298.9915842112779	-154.37709822841708	-434.4491809381216	
226.48908434711768	185.27124098356649	-65.01545180075948	86.98688830878189	-260.4525521078827	58.10216364994551	438.8875794976906	-69.00386095441752	-41.41627720881513	479.7062697908658	
-294.26511746771484	41.00408612896808	-127.98351243410826	363.6308437888099	74.02976941980057	115.7903445373588	328.71498825845345	-136.23832517158547	305.2573334705455	-147.78543077697253	
39.88436172394904	135.47830480176492	163.63528381485958	-217.12945664215363	-486.41948009409776	190.44797713865853	-438.54867304395333	-32.84790643620704	-167.31943559409075	-342.2747572518665	
176.78950917369764	501.63531193239794	-132.1705478961107	504.2291222867715	4.501227650052101	-511.17878268249643	465.0461502862762	129.29387669698156	-77.70043227705503	-406.85844649143417	
-27.694842039004357	121.8321906291535	442.8462623204674	-36.29274078601628	148.5088123200635	-336.28907402477205	-400.3388769876389	127.5751994266343	-4.163790936077419	-435.77972823940183	
-81.38804160571152	499.3236233658299	29.491848627599325	457.0157606042011	-204.35912163998353	-229.54026664696283	106.38428029330873	462.6304908619817	-19.751118395014828	232.6355257055327	
-465.75934970040464	-269.40842416835187	-231.90434692403028	200.81803134236918	-455.89261822211745	-320.67010505597096	-350.1249450126953	-126.54905544467687	114.09996451732957	-285.5534843999891	
-224.6004498045353	309.2519625764104	132.64729166475138	-262.5085770107287	224.5678660152172	440.61779238895315	-187.67401612405672	-440.7775489589612	166.59986436202723	65.65482443895712	
-153.30034439037286	-400.6579493897069	478.6019584646489	-389.3823641261605	203.36656965931604	-161.04157732106347	433.1731597500998	259.02133878680274	160.67514648231895	-348.5139579328313	
-82.62133572742738	-347.10423844310174	453.29324074759586	435.38633810295823	-366.99762753991513	-64.42987698515924	9.010706593202599	-229.94503418862053	368.5436320349261	262.01722068559866	
-459.181466838337	471.2861853157957	-147.05376229761544	-244.8566143585378	-428.56097034426455	284.0872920699562	-479.4617087436909	-20.511052216622318	313.08246101088014	9.178025775081778	
310.1220257763555	304.59875239027986	-498.7248400262107	-456.7102759365074	-58.41853399354579	486.8375483612243	99.14135610481378	418.37826361462044	-385.2274710705981	7.658163042948104	
-115.47122996809958	466.0826774087436	79.82731825444148	123.28282751874269	-82.15693148057056	-453.8025982909445	444.3387632845927	-427.5715522167053	404.4005137947413	-174.41781112749538	
496.19542386540763	65.09679963343922	123.52184348816877	-432.1932875289037	-118.89081689490672	-286.4413471194144	372.4712989058381	-241.0793081066845	-496.8806479206817	-198.51201587649683	
-307.30348607907007	-389.94888211360757	71.56662005964472	-398.25119172648243	-410.35708679844186	424.0588257085252	-303.79031897039846	-282.39912770023795	242.705773616055	-280.7643771662056	
465.3038285987651	-342.92490742639745	232.6386734256821	501.9908603201991	63.577690548164014	206.97045413346382	-239.03620300690977	32.66281723246789	-357.87074593106206	282.3461566470354	
-12.377323622481526	-238.00407299676692	-236.68444951457212	290.52156038252144	153.2702676672377	-270.5517043627608	209.73343973587646	-358.5445073037892	-355.7538091941717	209.33732408945696	
18.379497316062952	-2.0469920118590608	-220.64213934310942	-431.107888042787	280.03772745385197	-18.55536713418627	-484.8201916087616	-478.43746257421583	40.871702929888215	-229.9038711202399	
-312.3888280523271	-195.56717933677413	300.09598065187765	-483.25780613230177	221.9401741413368	402.3059784721495	-478.53281643831383	-396.4121850828473	343.6406813623993	-161.038029364973	
50.17065663014273	345.7933001253257	114.56928191977943	403.2469651081367	15.481795746881403	-108.05225705099173	-337.8549663804149	105.02631185453492	-248.64583737002215	-299.9554075194223	
262.4757880549512	-346.3746784107121	-141.17276719398023	34.899798387684655	338.24549029796344	-251.80524969582683	43.856708341586	-401.00065265822866	-434.5038922868629	-256.53320502159136	
8.849442220253536	350.5271554869554	-51.77383466677293	315.61785243465306	-55.16837257745931	-346.1921400379176	-382.0155197862963	-1.579236421869723	-413.2037826600516	-218.3985328267447	
-51.63653768635163	332.55688120759976	334.35940355711716	420.60745666638275	340.49032437315975	-314.13742049301976	51.41043714222235	-465.82464415079335	392.2783947982905	-335.5901169345381	
313.9613964952881	-51.42223010183329	385.33143743424773	-397.3373220422561	360.89445595538325	-486.72141057756414	-384.0044795758369	81.512120333805	-387.23567170325714	182.4251454782144	
210.12185409328742	-180.2248617321556	-504.7574944147822	251.30743123427465	-18.358233936990928	-47.261776408507274	12.186776742908705	237.7617930808359	-168.93727136666956	-178.45219352530478	
460.6865584074869	-248.55288630944756	-456.53102612065504	-336.3166338641999	38.768621813174036	-141.40572659598024	-108.44493570171164	372.40633674215917	-76.24782912589143	499.2174501832062	
-117.3660742670881	-171.04924876342005	-63.485452628639734	-206.1140349475528	-407.5574614135686	-461.6853956814508	51.169900814312996	207.98103967855639	255.9188449852678	198.82302680622774	
426.87287170222817	407.90872198715647	-392.05657609686375	98.16367210759097	-406.3608542781569	477.0044367923422	-390.6733409321887	255.34455994820166	503.22048130047654	94.84818925610648	
-46.92006390733957	-199.00810691416825	278.1897743731114	278.4115054471024	-380.76584855598577	-320.40779112332643	-237.5246831432682	438.87801072525826	415.16366730134257	-393.31181416901956	
380.6379950043547	-243.88052625107161	133.53683662846072	196.66186765754605	-220.7928065350705	-258.33262634141124	164.64573294782429	-168.41882027617964	-221.61747401039952	178.5969310450098	
123.9689841512851	330.6481240075984	306.3683353980881	-238.96289899917514	-445.609870808133	411.0661680029118	119.53712352834066	465.03394181152066	125.53258702088374	432.64431322393784	
-358.48555441340034	-389.7712104350778	211.17906025040622	264.1726338322185	368.145555150561	167.26419568627637	348.71854051267326	-204.4595314586561	-453.8625004025626	127.00222784390417	
-220.99132140118843	207.72435615837162	-506.0248578544809	-391.4713253011871	158.95413933646978	-361.8538767539068	16.481610162535958	334.5255078077041	435.4838221012824	-198.5053757625564	
-82.86506314391568	411.92105426813055	-241.54016873332682	421.91611270908504	149.9625956528389	-415.22700419286696	431.37062555915145	244.50881913209514	458.51458934753646	-322.89556665008627	
46.449495348654864	-389.6944381494799	124.0626976315375	-206.10408006691102	-460.8849504369916	123.39680721758373	-484.20979432709737	-36.360565001242776	-41.642702905311126	328.5325949180899	
-439.6786066173004	388.78030450232825	447.8865166371171	-286.55267984388524	-226.50704501208708	207.0133108369322	47.525030551462805	-305.72482587269224	77.79346653688629	322.75732151761804	
-348.5450966454774	121.76686546329438	-126.61327988429025	467.2100678293888	-154.46658114057573	-498.419967599859	-363.90455824922424	291.18058398109804	504.9595372533049	185.69536499199614	
-352.8489710031382	469.41134994179924	322.1109097107444	356.0106021769302	282.9112188188052	-443.6643737866118	-457.62119453626167	433.3808596649161	-265.8849795332046	-226.8320060039295	
-507.696173954701	-51.18828501083942	26.578477112429937	460.89602745977174	-297.74092276957776	140.16579028082742	191.53871990591597	501.13209138539685	164.3411721111819	45.6179509022345	
167.12651042029904	205.8912333873892	19.011219495553064	368.1870174211015	-108.31209588133663	-507.8106850975368	-26.622281051107223	422.98337440609396	340.8868572924612	-148.0990642821924	
-429.1661273340176	-465.65802404765503	-221.30189309790103	-34.41854332797442	-425.95089612348283	184.7597568992171	-175.4523767578388	400.9407825869706	-487.92869920834823	20.52337867587005	
14.974601062176475	405.3589745511995	-351.4774090991281	-474.89918344865276	371.2727303352949	61.25418079162171	-450.4348261733541	-416.2253564165242	-283.3762517225275	470.25345487896607	
-414.523131599429	375.61953758076174	-30.742864661981628	-108.02470974220103	-199.69160654372865	-109.23125871781986	49.162331532152734	-459.19032539093763	-311.80561381095316	-485.0236335005233	
-95.16086237658277	-294.6222948775455	-213.54035819161084	307.76224832824107	457.50060450542776	-423.6327759386218	-181.2995304168494	-312.07496513750687	-312.9591743703213	119.17411231239294	
-121.4725266268037	-448.0725064182947	-457.0546551043143	-341.7682684426114	-83.3680877187499	87.59388991586331	-341.84222455127133	309.081170487436	-499.7178507327844	444.71489582152424	
79.71905002958454	-481.87504242215465	-96.73064572605398	443.5298256671605	-342.23089630862	-318.3848177560691	-36.29572955404933	-35.3522224010963	-494.75891844817875	-60.245674377609646	
-194.08340371398316	17.782169859000078	-245.71104990176093	-333.16731188364906	-401.97164435263994	248.7020813125181	-352.83266800333246	453.09111929959306	170.56076825357275	-334.94615959443195	
106.93057588379816	40.48128850506885	-217.30963268300337	-277.82655221203595	141.93386180562254	111.69756983959803	17.496693883627017	23.697256345851656	345.7039322465864	-214.22443860338802	
-170.2626915688631	-505.31630537405596	-410.6986383958015	238.1925589842408	80.34916300757823	413.0822025443715	135.8181365569567	484.76239877371313	-162.99196171432027	58.72943661348404	
99.14581970469533	94.69572699601417	-112.32329470003782	199.61306459561126	-220.39038842988913	254.99133842225172	199.14352925241178	410.9248168651733	-110.50807809561229	219.8399012893401	
8.090356037594574	-465.57725250789565	-35.13275866544177	261.9540997032408	18.235079949070155	-304.15908431597416	-229.46474285711577	-214.30832646474926	-447.42875624927825	-309.4792673779027	
24.17548969220354	58.5086484728032	-19.330538602748675	-317.9058359596836	501.1490710278506	158.6699264137735	-256.5796391317434	413.92227415704053	463.6466292477795	201.2522359985553	
177.4792753343346	498.0859551827317	-26.87777231745639	506.3022826820585	63.024126172341425	143.03663908952353	430.1631257890873	159.55847028730386	-30.742796002346267	-298.45402817120384	
457.12393137574907	191.40905669617143	349.36945839567966	91.34114045775561	479.00136414547933	248.74342107438304	91.44284975400444	-102.21837175860634	-427.8583831365819	445.05496306651196	
-45.00799211339995	145.11879941971017	-223.54224715589328	206.57513853652324	290.5405161491293	-312.71445749522496	275.88800959729053	111.35792630452022	-336.2092754827281	358.7866524810754	
-366.1517665094595	-435.9080700339404	359.5768345427564	267.10404044044526	-272.57657825767944	-50.004685261870065	39.893041381385274	-419.9079101545661	-49.99757721811079	102.44379733420203	
420.8564735746718	-90.8815993161686	-8.010493805433043	-452.00291262943875	368.5035552009	384.2049195438261	-52.876609786812196	-309.7776276407696	-371.17498906788387	-55.85833294258322	
-72.19957978779331	-207.83415078367614	-464.5796618287584	84.48188020299756	-504.36573872453636	-212.50636232182103	-117.40303161628066	101.48300452927788	483.2874150588457	-442.78624651628235	
447.6521356398023	16.431487658083256	-374.6174498790186	54.4987326281522	-89.54196380334218	183.3823410513296	-375.9567013018593	72.45582693078211	416.32024135964707	75.15635747594501	
53.32341911601702	-206.26252477668567	126.40005954804712	-265.532873250722	422.4624601953208	-4.350228906857865	305.7785257496578	-38.6997287825439	-2.4467658047565806	-388.1006270804359	
40.49707371868533	-101.86597864392007	-166.17712000121418	283.3221282104048	36.635386037183935	202.27747149242782	-403.68606491493387	12.857249179290989	-72.3186963323576	-368.49231565160915	
-405.694147132907	351.67043009874646	459.1108117025051	363.311385037975	-493.6602811169601	26.688052635738245	301.22759008052174	189.37884605645036	115.19997718755485	13.881348369392526	
155.91279903975692	302.56034271539875	-420.332735098509	258.4357395891095	154.00473828296822	330.2743601210167	-116.7149463896236	452.4546547892327	-481.43403473385393	350.357335595563	
-180.220014456069	-348.91875367136686	301.30270180694583	-264.4389121757854	-395.8576523407151	-213.12718036533187	144.876649347715	-382.6585706185536	-87.2919124757064	64.93423622023738	
0.7937692577684174	-255.76338807628173	350.88706503506376	-487.2939507870059	136.96757100985542	76.0079754231217	22.455179721734794	295.411401773787	-167.063371840316	-31.191590519239867	
-441.4308029828677	492.9928114387884	457.0659463816912	-236.04485851142942	-342.1276035669794	280.91645632422706	-471.11804538953015	-156.5855720422188	213.2389581548366	174.48524667657784	
-97.02152526999424	-367.1460613446952	-142.1485036000799	-319.713701715228	148.687769801488	89.08699133202515	-263.5772168950077	-111.90008329971437	509.9369956465638	-281.0808315990652	
-124.54214697997787	-192.98150977157218	-191.59636855942597	359.81265275730345	0.5058685270835213	-364.3368253484311	429.2481168153448	463.40870253791275	257.3741939848161	-250.75538040263018	
31.33178680505432	-181.2098889311668	372.267691831241	-36.20865792048551	-329.0692282156414	-307.5717314535535	-81.2232701618641	266.164767137848	157.52428686476514	489.03880004142957	
386.56616494681055	91.4954713701569	364.27490878329047	-449.9307174761451	-378.48585902033534	-359.5925559323463	467.3243939948562	179.26021434234633	33.917060699124704	127.85038422192986	
-185.99479858584948	83.6568337068669	-32.78899074701138	-319.4697683042336	148.51092448688792	-107.39542653289436	223.46411843813598	126.81809221910646	460.48327951198917	424.63547711429464	
-336.3334171501815	426.62591895201626	21.35415563381696	-268.25515051011246	100.58656559179781	235.06508436685158	-271.8679567407378	120.3698239374213	78.66985853629342	218.74860173004515	
-268.3579623173482	-487.5890495345808	430.1398200192167	306.3638391640919	-272.9843268199329	-434.11232993307897	-154.8976651284334	-370.37485836502714	-162.51509402043143	93.28591000922688	
6.075416239560013	-342.0821597146579	303.2589219636677	-236.6574619455106	364.94939755875646	-165.13345287567887	34.457761344857204	-360.0831327287573	-75.0634926985685	-54.2997828325731	
-453.26066114675365	-153.27660423616572	349.5913018793194	-451.3560646949582	364.3883063805433	-243.95728930453754	126.47482530787192	69.64612036413189	-477.76405604819485	272.08873950890893	
-267.50492841770335	23.54430048432198	232.84961519946148	-156.50860918297684	481.38517034977235	-103.71198453438512	-99.03200444078641	392.3522332882393	-212.82172844245616	248.07074011507257	
-476.8340784655654	250.54846298969096	-475.0961632230089	175.17442465252702	276.20736027037844	-148.60242790430357	-161.9340949330974	-486.99805497314725	212.49009021663448	242.44976620985904	
-464.23343362250876	-419.83855550138657	489.39828900935584	189.0495398801927	414.6111718260481	221.5758103756234	-9.73859820128473	-410.5995227169416	317.7725517229487	292.41718037259784	
-198.0321123069914	235.17893775659525	448.801619722896	-17.787804760540666	325.10223817762494	-475.72735380503633	101.95046797029238	38.72893672336852	95.76118478429885	-413.0313954355141	
-99.07845920553456	129.23928333058097	-491.0376476537067	100.88387113981639	-262.9275152681739	-95.5472528026408	126.78406156298672	167.11760324348995	17.191664065608506	-238.16103853002153	
-225.93100237059804	446.5092724218555	454.012472583659	208.1953963718462	-174.31192305312635	208.51154969425318	-183.3425391899125	-110.8246137169375	-477.0078897973208	474.0290197196456	
67.19451588591596	-52.93138386167442	135.1802468988742	-181.36433783256774	-63.55315193062967	-440.5777908837789	278.88237055622903	-194.1358869130827	-106.87216784470525	232.10528077610195	
498.29187885054887	-318.24134733328464	-354.73123394955223	-134.8471798186817	-92.30859370116349	147.6023139484414	139.7740343587344	113.17756576217914	459.1896812382066	287.66392407907574	
-311.22677531055365	260.308784672197	184.9324116584512	213.96701030593442	-372.7570035704219	46.50687149175235	-182.03712489304462	124.4564155546509	357.1445617703762	-499.28885564007487	
-252.7102627649994	186.5308590589117	-411.93655107640063	-130.39489651986065	220.57014525626914	-287.27843252860407	-233.95171315058525	476.82942966725784	-9.863809700680463	202.3271192285332	
298.02417639713167	-112.76227240209289	67.87941855388613	200.06417686110387	-356.1967542478779	49.273322497092295	-445.2333322081574	134.2605113674107	4.332118729379204	-394.25227302854455	
458.4847565863014	-187.1954021372852	-424.6003295574143	495.2217919495572	362.90645835181306	-4.0297498246147825	-264.41657672413737	161.83103916163282	238.7334493579383	-98.64078795627529	
-216.26535676059444	-364.24563880941446	330.80308705481036	-463.4524342132852	442.7934833070382	379.60259263070316	432.1472542197845	-164.4170948324554	48.18588316499381	-167.20032940590744	
323.960214494057	-61.74011943379162	-363.51792178346125	174.54334580553075	-297.82901893126416	159.10065055233122	7.394674562313526	-424.8340731768899	-26.67794007972077	-466.8158068399903	
55.559719550571	-296.3320263385717	-414.0675024285164	-91.59428543723669	210.87973753297297	169.86816669173788	195.46714208750723	262.4018442605138	193.51138694041424	308.0029572693063	
-381.5527283871984	-166.74827080277686	470.8522886850021	-46.282762027035005	-174.88027632179256	-85.84279179082847	189.12356744095564	250.21506421804327	-449.54848289987467	-18.384088968408662	
505.3539926589591	-154.11487126159244	-400.96222417903647	-347.86756845694094	-443.2492862402902	-11.020077998894465	-479.20302351710166	-194.73909223761956	-64.41128397018605	328.9118751386053	
388.08590192770555	335.7406482798111	314.86757603728074	274.4307408768368	-469.90843382060086	-9.327364548203604	71.06910570024854	-131.63152658256274	221.05172486400352	264.09021225370725	
-339.59717093318557	133.77672823061812	-181.981043620756	360.9012599738634	-58.05086033691924	-77.85913399152372	14.514733081332906	70.02185038338075	-441.89922264301316	25.93139576525607	
-89.47901632931178	-297.4171694188607	-246.33625915405236	463.0498619576472	-465.1744514331935	286.3715134642009	-510.09323428143347	354.74027868196754	496.77621948507397	-463.83115133580014	
-380.2533599743232	-138.72832719913322	156.0049094950948	-131.63888962227549	245.1225518649611	108.14804714194543	275.658813843919	-218.85889568128806	98.44734224521505	-70.22579384704255	
-479.87957047669727	119.76928493380751	-170.17214440352808	-376.6050668660996	-395.8895885131365	98.73925434087084	61.51854278137023	-199.2665448509655	290.44996167494105	312.2849776396811	
-342.18610863602703	481.0822320011895	-493.39050385376805	490.47825322964616	-44.70494711127941	407.64546898213587	201.49003271679044	187.19572581909472	-455.97477164521473	-121.30338879466859	
205.671318277792	101.48316417022306	355.93505545381277	-339.40178018753636	429.61824457229284	232.31317760779586	174.2560516645035	-404.0666714330089	-502.9379010956568	-428.58145458153746	
298.4451852358112	-422.08153742713586	-0.03223431220874318	89.78845160145704	267.59662753952	-207.09200652403422	-266.8388244480359	255.54006863381642	114.86023096188728	-164.84167784716698	
465.8229079805204	-201.78096737790628	455.8765569242536	311.0967370309927	-302.34539236916197	32.14526732470665	473.698763404911	-493.86333362404696	340.5941942965992	-378.79973017010843	
-437.8995397629974	-333.4051561921734	83.4938081552159	-9.548981399802074	-201.43453615409805	382.4997934605642	-61.81847671121585	-414.7765503415916	-94.3775739157212	-427.96675372217317	
391.8030011663611	-279.32477196223283	-339.47833715870934	399.0164237810759	-317.7158356141746	105.57255705707917	-356.4446682238764	-449.75660048591647	107.16866779000645	103.84964250798907	
373.5949627827182	-293.42801044169323	-247.03419895595755	219.62274172530806	-482.33911183020695	217.5095027565162	-130.50481574480204	18.641618997307205	-31.451132720263274	247.57682357711565	
-12.46614962068287	432.6921073957219	481.71689017957044	310.99889797267747	-358.64040623032065	236.21185811109115	-254.21603079384295	404.25318720610437	231.54087340709475	46.349741765594445	
-369.8926345807364	411.7095433881999	332.5496622250869	408.88552633512256	426.9912469651488	-154.98394868264324	-454.53250546281436	-445.1681585857199	288.1319879859918	-27.974859400532466	
254.21850261458337	-133.83574407982292	-221.07094107644377	282.91233410073175	89.394636929017	-486.03129551126653	207.28077759540793	87.71738488824519	-486.1607297290334	-111.64392700740655	
-230.55540863697104	391.83357796817256	280.7242560738631	-181.22524200535116	-187.52986142274352	157.98516277839906	142.89398362422082	268.85094854798206	-141.3890845523805	-250.03316185995874	
-73.2431416078258	-510.3962553899319	70.9862970511366	361.87082956356414	234.97950764796326	-400.18092371542815	341.60098020124474	337.6985898042361	392.6845680056134	391.5218532364469	
-294.3675729283692	-370.856967385477	64.76465560848624	-235.1408167857919	18.669293031635334	510.9365560131416	-510.691872442806	153.3008191187547	-315.67471221759376	-500.513748695123	
-460.0181040194639	32.87445718996628	344.3625766844492	155.56442326999502	457.53666483662244	-294.8166414573136	-354.86229952183174	-32.41330533151813	353.3872771560542	162.20328295923753	
-180.1694723605733	179.49382105558777	463.47861870618226	-39.6765863647513	-184.4672285445405	265.4545065908534	-140.62793556803376	466.78201264988365	498.8576370886732	214.52914962434204	
-24.317336293791357	271.5535798987462	-265.7138790463132	398.0719882455131	-239.34010754816012	350.86745772467464	-370.0127318935555	-320.9905887156907	-27.163194200885187	297.88171182196197	
-337.6579530668016	-495.7920523616983	-249.7272172294343	143.59601581190634	69.85901874801368	446.9422560148761	220.9847706429465	9.869559381023464	-428.4000169229297	-354.01236555352114	
-294.3002541245038	67.40711182546295	-297.3694276910605	418.0949682825211	-160.93215076852061	-20.204592092081214	63.37686726371942	357.5585300764619	-494.04832443543563	-362.891805474184	
150.10487393371807	275.2573696281453	-418.6489444762003	266.25313968834905	-405.957892359409	228.9414282611882	119.93592727122609	19.108563972194247	-389.06571550017196	-64.35882666227997	
406.0420124245335	-472.40983005064993	32.07072443632035	-449.0929772326529	-359.6659023118518	-139.90049270232362	395.02184212536565	333.13107826947953	316.1613064085036	346.3365765130982	
90.51117933690648	348.4674756431866	-324.0829243674987	-97.79223326670638	-428.0080699084848	-174.14793044809585	-101.52721949541115	404.5275785215184	423.6136458680045	386.32326641852285	
-80.01964440935745	244.4003432270249	-50.64960231333242	354.26791596990813	-378.96745595771597	-467.42801923607453	443.1149201091753	491.35457465128445	-111.66629324911827	-59.33286633036096	
80.70580014208508	-143.22426428349308	-173.33506740452788	-285.93125336574155	-98.5737031720023	-219.0023741947357	478.0283337790512	-325.74055681701304	8.17277215280501	-121.48858546510814	
293.42450902661096	-63.275920030122336	130.72013017740608	-322.9044803785481	299.7555687919638	319.0113659090557	364.82840084956933	276.83075555013215	-442.1476990438766	311.2714455665231	
82.66141166611033	-10.436631165952747	406.6004670637426	-338.47863308540093	339.8430319223853	240.6811524373727	-432.4150384028338	469.04674856057864	-39.71955722317858	276.95777806376964	
-415.41625621346566	43.72164553933976	264.6562756762372	-478.1711747134268	2.625605682474543	10.62101863186058	-85.76743853311297	509.7903306787441	477.17596557861157	44.112422253961654	
-510.6804218779436	169.65605257929224	-403.66528983235844	-173.35686828222595	-54.558779037561465	433.17502961419393	13.717502658870217	-163.31150692437672	-89.12379227514771	109.99370540559744	
-463.05013045274853	298.7946331801304	250.87026575148855	350.14952000204323	270.42758373493075	-4.664509136976108	196.3999695585078	-168.79635309034649	194.1926963829552	-194.4907667748094	
481.92183276013145	164.75991002861304	446.4363177552168	365.2231899168113	-241.93634245004034	-292.5240856270708	62.27192364794212	281.8592443107111	-290.29449841908706	-82.25103548209336	
457.02333707192054	-259.52688209734765	80.35815259924152	-495.94447106450116	-71.65923679336368	240.76121884085853	170.17532753000285	188.4377696705941	-156.00370645611991	412.1278801202475	
462.3336879283539	-411.13623347700127	186.21758465601636	-92.59672208085698	-296.1195652441523	-30.859592824073445	510.8931746259816	423.19948300144597	-184.5161078103755	-461.2711964227934	
-69.0717338968027	408.5463361066271	3.8254144567977164	104.20163704142351	-459.5581689650658	-410.67586954176346	45.644093576803016	314.1903958530952	-435.62126005234234	-325.89832515415696	
-270.31334487492586	181.49742461337405	-472.539675193337	-435.6993191215011	-357.9752987379593	64.59372491670433	-308.7833583553449	240.13721431460942	113.38070505763778	-474.01183368393856	
-332.8681676773524	-31.45979971942762	111.25098734117717	478.9369257897438	-430.30972798148696	409.21466960214116	-213.2693812533846	-98.3356190147428	-364.6624946720341	15.203883265908189	
69.03006274465145	-66.31257724667086	-338.93627225128535	-186.289944699197	-193.27345254933414	-400.0252253224997	472.48097116475867	-20.443154121639452	138.81660657672137	71.53167059814916	
-222.1032006833732	-466.4799173627323	212.62654842577467	-461.42342459624456	236.98815725580585	181.81485621689308	119.59789081616054	-495.22645733737903	-67.75203487834006	-318.6937651165845	
394.8938502510289	306.997778900928	-158.58428290110174	-498.4883025411434	-192.33036302471652	-257.15448674835864	-12.390621689503462	-329.82056135400916	466.7164953742507	41.55146865786833	
-42.147761766948975	-210.8357937252183	-231.97645609371773	-404.85168977170315	-410.86763442320296	496.47745976283136	61.60558969109934	198.59167600462968	-197.95487928189533	290.7623840360295	
-370.2823043918644	-431.81676127525407	102.4518238047699	442.0372478077825	443.3180574166879	-47.04898792088761	-345.5628077404024	215.36219544203902	-80.64904500888866	180.69237158216833	
317.16846826481867	408.1147161634826	-297.89960216863807	101.14954510179757	25.04661162958098	210.80797178604564	403.5122704401995	-140.72881905875147	432.79712768605475	-456.1457040067111	
-289.00095509612686	-246.28492906867746	-168.126597569416	-93.63786742871787	442.82629839030733	378.6688904344717	456.7400322919451	-61.03940898929494	-217.26627271167644	46.70447136797645	
310.2664965969916	189.76928751346952	-45.03399801348155	445.74071843866943	-140.4065040836296	-491.02567343935146	304.3798489050305	-308.73406529738844	143.43474401020057	-294.9676664436609	
-160.24613467749197	224.76772628989954	473.84656481110846	-484.69467612605393	-14.143918190799013	171.832152184969	296.0354093904501	-135.072368198175	-47.77777673040697	-39.39191631226919	
-467.2195770188401	221.92431953414166	280.9629552773048	-214.7160780785652	460.52395582917245	192.03676465250862	126.2543540114558	-359.10432901649665	-100.87318584076951	389.36644485939007	
105.46891482695844	-41.825520331287066	-28.301493448289364	-183.17782089567038	-222.82303612993587	-266.74996362787664	339.7944912921597	194.4484215187814	37.48977991714639	476.8540108992619	
-67.37725383547024	-265.97586735423965	51.425490501453964	220.21284262173583	-454.2780997029972	258.85192985450465	-363.84243662565257	418.0843511052809	481.8605996231619	-348.5940038226912	
471.15318179048506	-497.62411918895947	-229.33502061348946	-44.52455749054019	414.32504622997044	340.48376316789575	-336.29323732528815	-111.37425038553562	-331.595012195902	110.91501589226084	
310.4785017580858	463.20698745366667	-364.1982262411424	-493.10849849748257	-404.1539667079759	-397.23945071675985	-170.77254058755818	-217.50462217021197	-55.80048479762695	-117.48004229562747	
260.36822463562214	-445.50789483936796	309.6255712069433	263.7618902717239	401.83579002267334	-98.73772253832777	92.9917561202517	-306.9554843254107	212.5633845477729	-312.7106341207451	
-255.12651524553706	29.868875468140573	-385.2911184649031	142.38289406594606	-314.2407209953103	147.01696096911144	107.99263624321975	434.2693568564017	222.94722426996134	-289.2433504897443	
100.23379200281738	-442.64642798968623	-426.011904965158	299.25905316083845	285.6514946069218	-486.65682291540344	494.445600458232	341.94742553524	-169.729561517366	45.03746096749421	
-187.8756571492218	216.09018428058516	193.51155758625328	424.9082863505223	-228.2321311332093	270.76161264951884	-47.24217128303832	224.14745140390573	-26.45223770960763	92.32427822404497	
131.3648189373107	435.6191085986685	-507.5465526419835	-90.16374902864999	-5.767312487434026	-308.360837310183	-371.0513793183762	468.25395357772163	495.6720047709472	-452.2937715382251	
67.98609643174836	63.987949665952556	252.8819115167198	148.2289126728166	461.6673578979014	-189.7256927500339	64.91163627266633	-328.06563677043357	358.495801549307	451.9480912278391	
-250.50036558481492	358.00141844078394	497.3048025141237	296.54864961644637	234.6755339287679	306.0384731682991	-314.4577745797192	185.24718493047146	-157.52994575929932	-444.1777590424031	
-175.33781283863107	168.86840374925112	-138.4931974762431	345.22861166953066	404.91329714663743	176.27591166151808	339.64726975496194	-379.98049773861743	-410.18088732653894	371.609766206994	
412.22670583830643	-460.8975105785062	110.12231075914372	-480.69954809538	-252.24685198027498	-347.44989105507443	-170.09165386389236	258.4392733576243	451.24623403252076	-496.94366878434806	
-378.9625569718706	-373.04111548650684	302.6641271325442	393.6150487177539	-77.10417653188813	369.1706039432719	-325.8913721731418	356.03343403262306	-28.172944538362117	493.51653005120056	
265.7084106935796	348.4386050503799	-452.57529646434807	-155.0748646659157	215.25880728239372	-457.799658089074	-280.84554590726475	309.9072931084572	215.8443284059374	-481.3233411662113	
348.5317300999735	-165.5015453926589	374.78600740249885	-350.1093058920277	55.3056625176182	-318.6616485403263	196.3410678518294	288.668396140514	-446.2051523152407	-51.41480291813639	
